0.2472 0.2348 0.1941 0.1067 0.2172
0.1568 0.1292 0.4673 0.0949 0.1518
0.1800 0.3304 0.1966 0.2929 0.0000
0.3395 0.6605 0.0000 0.0000 0.0000
0.2479 0.7521 0.0000 0.0000 0.0000
1.0000 0.0000 0.0000 0.0000 0.0000
0.1109 0.0567 0.6840 0.1483 0.0000
0.1792 0.2008 0.0000 0.6200 0.0000
0.1514 0.1394 0.6199 0.0893 0.0000
1.0000 0.0000 0.0000 0.0000 0.0000
0.1470 0.6273 0.1054 0.1203 0.0000
1.0000 0.0000 0.0000 0.0000 0.0000
0.1615 0.1512 0.3411 0.1913 0.1548
0.0930 0.2921 0.3022 0.1459 0.1667
0.0532 0.1017 0.2198 0.6252 0.0000
0.7142 0.2858 0.0000 0.0000 0.0000
1.0000 0.0000 0.0000 0.0000 0.0000
0.1218 0.1717 0.4449 0.2616 0.0000
0.3200 0.5694 0.0000 0.1106 0.0000
0.3892 0.1438 0.0756 0.0715 0.3199
0.2628 0.7372 0.0000 0.0000 0.0000
0.4235 0.1273 0.3423 0.1068 0.0000
0.4378 0.5622 0.0000 0.0000 0.0000
1.0000 0.0000 0.0000 0.0000 0.0000
0.2629 0.2621 0.0639 0.1821 0.2291
0.0641 0.5604 0.0889 0.2866 0.0000
0.4754 0.0628 0.0000 0.4618 0.0000
0.4129 0.2412 0.0850 0.2609 0.0000
0.1838 0.0839 0.4923 0.1212 0.1188
1.0000 0.0000 0.0000 0.0000 0.0000
0.0570 0.9430 0.0000 0.0000 0.0000
0.4138 0.3450 0.0686 0.1726 0.0000
0.0938 0.1609 0.2855 0.3176 0.1422
0.7345 0.0548 0.0000 0.2107 0.0000
1.0000 0.0000 0.0000 0.0000 0.0000
0.0504 0.2235 0.5887 0.1375 0.0000
0.1286 0.1806 0.0831 0.4819 0.1257
0.3649 0.6351 0.0000 0.0000 0.0000
1.0000 0.0000 0.0000 0.0000 0.0000
0.2248 0.2620 0.2577 0.2555 0.0000
0.7838 0.1327 0.0000 0.0835 0.0000
1.0000 0.0000 0.0000 0.0000 0.0000
0.4141 0.5859 0.0000 0.0000 0.0000
1.0000 0.0000 0.0000 0.0000 0.0000
0.2260 0.1815 0.0525 0.3504 0.1895
0.2517 0.7483 0.0000 0.0000 0.0000
0.2826 0.3862 0.0000 0.3312 0.0000
0.2027 0.6013 0.0000 0.1960 0.0000
0.2178 0.2286 0.3333 0.1500 0.0703
1.0000 0.0000 0.0000 0.0000 0.0000
