1.0000 0.0000 0.0000 0.0000 0.0000
0.2971 0.1480 0.0974 0.4575 0.0000
0.0995 0.3843 0.1154 0.2274 0.1733
0.2234 0.0762 0.3529 0.1553 0.1922
0.8363 0.1637 0.0000 0.0000 0.0000
1.0000 0.0000 0.0000 0.0000 0.0000
0.2942 0.1093 0.3016 0.2949 0.0000
0.0915 0.0756 0.4384 0.1861 0.2084
0.2044 0.1934 0.3344 0.2048 0.0630
0.2679 0.2406 0.1717 0.3198 0.0000
0.3407 0.1661 0.1522 0.2860 0.0549
0.1007 0.8993 0.0000 0.0000 0.0000
0.1996 0.8004 0.0000 0.0000 0.0000
0.9145 0.0855 0.0000 0.0000 0.0000
1.0000 0.0000 0.0000 0.0000 0.0000
0.6636 0.3364 0.0000 0.0000 0.0000
0.3650 0.6350 0.0000 0.0000 0.0000
0.1010 0.2298 0.1381 0.5311 0.0000
0.2745 0.2050 0.3531 0.0749 0.0924
0.3432 0.0844 0.0845 0.3159 0.1721
1.0000 0.0000 0.0000 0.0000 0.0000
0.3478 0.1354 0.0662 0.4506 0.0000
0.4099 0.2859 0.3042 0.0000 0.0000
0.2104 0.4109 0.1827 0.1960 0.0000
0.3782 0.2625 0.3593 0.0000 0.0000
0.2244 0.1247 0.6508 0.0000 0.0000
0.8448 0.0767 0.0786 0.0000 0.0000
0.2502 0.1838 0.0653 0.4392 0.0616
0.2006 0.2470 0.3396 0.0978 0.1149
0.2136 0.7864 0.0000 0.0000 0.0000
0.2515 0.7485 0.0000 0.0000 0.0000
0.4194 0.0994 0.4811 0.0000 0.0000
0.1153 0.2493 0.2674 0.2580 0.1099
0.1509 0.1528 0.2149 0.2905 0.1909
0.2002 0.2983 0.5015 0.0000 0.0000
0.6275 0.1808 0.1917 0.0000 0.0000
0.0638 0.1106 0.4649 0.2772 0.0835
0.0614 0.9386 0.0000 0.0000 0.0000
1.0000 0.0000 0.0000 0.0000 0.0000
1.0000 0.0000 0.0000 0.0000 0.0000
0.3169 0.6831 0.0000 0.0000 0.0000
0.2287 0.2385 0.3019 0.2309 0.0000
0.3591 0.2721 0.1601 0.2086 0.0000
0.1583 0.0722 0.4978 0.2718 0.0000
0.2684 0.0883 0.6432 0.0000 0.0000
1.0000 0.0000 0.0000 0.0000 0.0000
1.0000 0.0000 0.0000 0.0000 0.0000
0.5103 0.4897 0.0000 0.0000 0.0000
0.8006 0.1994 0.0000 0.0000 0.0000
0.2691 0.7309 0.0000 0.0000 0.0000
0.1457 0.5714 0.2829 0.0000 0.0000
0.3788 0.4309 0.1371 0.0532 0.0000
1.0000 0.0000 0.0000 0.0000 0.0000
0.1995 0.4451 0.3554 0.0000 0.0000
0.2954 0.2138 0.2673 0.1729 0.0507
1.0000 0.0000 0.0000 0.0000 0.0000
0.0792 0.3804 0.2460 0.1403 0.1542
0.3606 0.0830 0.5564 0.0000 0.0000
0.6826 0.3174 0.0000 0.0000 0.0000
0.5310 0.4690 0.0000 0.0000 0.0000
0.6246 0.2587 0.0609 0.0558 0.0000
0.3402 0.6598 0.0000 0.0000 0.0000
0.0919 0.9081 0.0000 0.0000 0.0000
0.2958 0.1701 0.1192 0.4149 0.0000
0.6983 0.3017 0.0000 0.0000 0.0000
1.0000 0.0000 0.0000 0.0000 0.0000
0.2614 0.2743 0.4643 0.0000 0.0000
0.0617 0.2167 0.3555 0.2887 0.0774
0.1139 0.1061 0.0671 0.1761 0.5369
1.0000 0.0000 0.0000 0.0000 0.0000
1.0000 0.0000 0.0000 0.0000 0.0000
0.1800 0.3347 0.4852 0.0000 0.0000
0.1451 0.1572 0.5636 0.1341 0.0000
0.0876 0.1101 0.0918 0.6442 0.0663
0.4968 0.0619 0.4413 0.0000 0.0000
0.0951 0.0794 0.2450 0.3843 0.1962
0.6110 0.3890 0.0000 0.0000 0.0000
0.2958 0.3797 0.0651 0.2594 0.0000
0.6404 0.3596 0.0000 0.0000 0.0000
1.0000 0.0000 0.0000 0.0000 0.0000
0.1326 0.0998 0.3249 0.2987 0.1439
0.2849 0.1619 0.1572 0.0849 0.3111
0.0588 0.3370 0.0924 0.3318 0.1800
0.9104 0.0896 0.0000 0.0000 0.0000
0.5395 0.4605 0.0000 0.0000 0.0000
0.1850 0.0809 0.4494 0.0694 0.2153
0.2802 0.7198 0.0000 0.0000 0.0000
0.5015 0.3124 0.1862 0.0000 0.0000
0.2738 0.5137 0.1218 0.0908 0.0000
0.4945 0.1648 0.0550 0.2858 0.0000
0.2194 0.7253 0.0553 0.0000 0.0000
0.1055 0.2810 0.1014 0.1585 0.3536
0.1512 0.2402 0.1497 0.1623 0.2967
0.8170 0.1830 0.0000 0.0000 0.0000
1.0000 0.0000 0.0000 0.0000 0.0000
1.0000 0.0000 0.0000 0.0000 0.0000
0.7328 0.2017 0.0655 0.0000 0.0000
1.0000 0.0000 0.0000 0.0000 0.0000
0.5786 0.2045 0.2170 0.0000 0.0000
0.2015 0.0875 0.4210 0.1733 0.1167
0.5681 0.0868 0.3451 0.0000 0.0000
0.2223 0.2375 0.3307 0.2095 0.0000
0.2269 0.3757 0.3974 0.0000 0.0000
0.3145 0.2277 0.1028 0.2027 0.1523
0.6184 0.2468 0.1348 0.0000 0.0000
0.8975 0.1025 0.0000 0.0000 0.0000
1.0000 0.0000 0.0000 0.0000 0.0000
0.7016 0.2984 0.0000 0.0000 0.0000
0.1539 0.8461 0.0000 0.0000 0.0000
0.1104 0.2445 0.2148 0.1120 0.3184
0.2067 0.1209 0.0943 0.3329 0.2452
0.1174 0.1983 0.4304 0.1081 0.1458
1.0000 0.0000 0.0000 0.0000 0.0000
0.1341 0.5298 0.3361 0.0000 0.0000
0.0664 0.1611 0.2563 0.5162 0.0000
0.0549 0.0629 0.8822 0.0000 0.0000
0.8012 0.1988 0.0000 0.0000 0.0000
0.3759 0.5344 0.0897 0.0000 0.0000
0.2265 0.1436 0.3879 0.1183 0.1238
0.0857 0.0911 0.5351 0.1268 0.1614
0.4501 0.5499 0.0000 0.0000 0.0000
0.4179 0.2624 0.3196 0.0000 0.0000
1.0000 0.0000 0.0000 0.0000 0.0000
0.0860 0.3225 0.1859 0.1913 0.2143
0.1186 0.0566 0.5240 0.1642 0.1365
0.2207 0.2025 0.2366 0.1001 0.2400
0.0820 0.2059 0.2510 0.2313 0.2297
0.0625 0.6370 0.1320 0.1686 0.0000
0.6259 0.3741 0.0000 0.0000 0.0000
0.0890 0.3828 0.5282 0.0000 0.0000
0.3970 0.2395 0.3635 0.0000 0.0000
0.1793 0.8207 0.0000 0.0000 0.0000
1.0000 0.0000 0.0000 0.0000 0.0000
0.5702 0.4298 0.0000 0.0000 0.0000
1.0000 0.0000 0.0000 0.0000 0.0000
0.4887 0.1324 0.3788 0.0000 0.0000
0.3265 0.2229 0.0501 0.4005 0.0000
0.0883 0.9117 0.0000 0.0000 0.0000
1.0000 0.0000 0.0000 0.0000 0.0000
1.0000 0.0000 0.0000 0.0000 0.0000
0.3095 0.0534 0.0967 0.4006 0.1397
0.6740 0.3260 0.0000 0.0000 0.0000
0.2745 0.1909 0.1857 0.2592 0.0897
0.1141 0.1526 0.1264 0.2490 0.3580
0.2045 0.4863 0.0894 0.1697 0.0501
0.2513 0.2024 0.4578 0.0885 0.0000
0.1177 0.0821 0.1164 0.5638 0.1201
0.1914 0.1753 0.1161 0.5172 0.0000
1.0000 0.0000 0.0000 0.0000 0.0000
0.8475 0.1525 0.0000 0.0000 0.0000
0.2898 0.7102 0.0000 0.0000 0.0000
0.3048 0.4951 0.2001 0.0000 0.0000
0.9494 0.0506 0.0000 0.0000 0.0000
0.7359 0.2641 0.0000 0.0000 0.0000
1.0000 0.0000 0.0000 0.0000 0.0000
0.2824 0.7176 0.0000 0.0000 0.0000
1.0000 0.0000 0.0000 0.0000 0.0000
0.1883 0.4567 0.1464 0.1001 0.1086
0.0703 0.1510 0.2332 0.5455 0.0000
1.0000 0.0000 0.0000 0.0000 0.0000
0.0907 0.6062 0.3031 0.0000 0.0000
0.3456 0.0988 0.2502 0.3054 0.0000
0.4566 0.0754 0.4680 0.0000 0.0000
0.3380 0.2184 0.4435 0.0000 0.0000
0.3135 0.6865 0.0000 0.0000 0.0000
0.1905 0.3821 0.2210 0.0941 0.1122
0.1799 0.0816 0.1184 0.3012 0.3190
0.0863 0.3548 0.2724 0.1640 0.1225
0.1308 0.2656 0.5092 0.0943 0.0000
0.1002 0.4006 0.4991 0.0000 0.0000
1.0000 0.0000 0.0000 0.0000 0.0000
0.7201 0.2799 0.0000 0.0000 0.0000
0.2303 0.2128 0.0798 0.4771 0.0000
1.0000 0.0000 0.0000 0.0000 0.0000
1.0000 0.0000 0.0000 0.0000 0.0000
0.1018 0.1091 0.0833 0.3915 0.3144
0.2180 0.0916 0.6356 0.0548 0.0000
0.2343 0.3171 0.1265 0.3221 0.0000
0.4271 0.5729 0.0000 0.0000 0.0000
0.3408 0.0899 0.0674 0.5019 0.0000
0.7903 0.0799 0.1298 0.0000 0.0000
0.1550 0.1619 0.2950 0.3881 0.0000
0.0557 0.3171 0.3685 0.1467 0.1120
0.2480 0.1005 0.4039 0.2476 0.0000
0.6477 0.0544 0.0857 0.2122 0.0000
0.0922 0.2318 0.4976 0.1784 0.0000
0.9068 0.0932 0.0000 0.0000 0.0000
1.0000 0.0000 0.0000 0.0000 0.0000
0.0789 0.0940 0.1852 0.3746 0.2673
0.1123 0.0929 0.7948 0.0000 0.0000
0.1082 0.2638 0.0868 0.2792 0.2619
1.0000 0.0000 0.0000 0.0000 0.0000
0.1866 0.2436 0.5698 0.0000 0.0000
0.1750 0.2949 0.5301 0.0000 0.0000
0.1828 0.7299 0.0873 0.0000 0.0000
0.6320 0.1541 0.2139 0.0000 0.0000
0.2906 0.1141 0.5331 0.0623 0.0000
0.1664 0.2395 0.5941 0.0000 0.0000
0.1439 0.1645 0.3619 0.0778 0.2520
0.1467 0.1814 0.0629 0.4640 0.1450
1.0000 0.0000 0.0000 0.0000 0.0000
0.3706 0.2057 0.4237 0.0000 0.0000
0.0580 0.1080 0.2613 0.3695 0.2031
0.1190 0.2425 0.2122 0.4262 0.0000
0.3578 0.1947 0.4475 0.0000 0.0000
0.2910 0.3843 0.3248 0.0000 0.0000
1.0000 0.0000 0.0000 0.0000 0.0000
0.2506 0.2959 0.0847 0.3688 0.0000
1.0000 0.0000 0.0000 0.0000 0.0000
0.3085 0.2780 0.2277 0.1162 0.0697
1.0000 0.0000 0.0000 0.0000 0.0000
1.0000 0.0000 0.0000 0.0000 0.0000
0.1506 0.2441 0.1498 0.1804 0.2751
0.4311 0.3397 0.2292 0.0000 0.0000
0.3968 0.0827 0.5204 0.0000 0.0000
0.1373 0.8027 0.0599 0.0000 0.0000
0.3403 0.1388 0.4112 0.1097 0.0000
1.0000 0.0000 0.0000 0.0000 0.0000
0.2529 0.3050 0.3634 0.0788 0.0000
0.6698 0.3302 0.0000 0.0000 0.0000
0.0749 0.5838 0.0914 0.0521 0.1979
0.9182 0.0818 0.0000 0.0000 0.0000
0.1383 0.0589 0.5658 0.2370 0.0000
0.4533 0.1918 0.2421 0.1128 0.0000
1.0000 0.0000 0.0000 0.0000 0.0000
0.1522 0.4151 0.4328 0.0000 0.0000
0.4920 0.5080 0.0000 0.0000 0.0000
0.5248 0.1121 0.3631 0.0000 0.0000
0.1109 0.7345 0.1546 0.0000 0.0000
0.1198 0.3875 0.1348 0.2335 0.1244
0.5133 0.1069 0.1020 0.1057 0.1722
0.4832 0.0668 0.1592 0.2909 0.0000
0.0582 0.1452 0.0828 0.2886 0.4253
1.0000 0.0000 0.0000 0.0000 0.0000
1.0000 0.0000 0.0000 0.0000 0.0000
1.0000 0.0000 0.0000 0.0000 0.0000
1.0000 0.0000 0.0000 0.0000 0.0000
0.1805 0.3387 0.3322 0.1486 0.0000
0.1458 0.4261 0.1586 0.2695 0.0000
1.0000 0.0000 0.0000 0.0000 0.0000
0.3601 0.6399 0.0000 0.0000 0.0000
1.0000 0.0000 0.0000 0.0000 0.0000
0.4845 0.0691 0.2837 0.1627 0.0000
0.1664 0.8336 0.0000 0.0000 0.0000
0.1670 0.5138 0.3192 0.0000 0.0000
0.2848 0.1529 0.5623 0.0000 0.0000
1.0000 0.0000 0.0000 0.0000 0.0000
0.9171 0.0829 0.0000 0.0000 0.0000
0.1956 0.8044 0.0000 0.0000 0.0000
1.0000 0.0000 0.0000 0.0000 0.0000
0.0840 0.3408 0.3324 0.2428 0.0000
0.4845 0.1149 0.4006 0.0000 0.0000
0.5791 0.4209 0.0000 0.0000 0.0000
0.0518 0.2108 0.0673 0.6702 0.0000
0.1865 0.8135 0.0000 0.0000 0.0000
0.1465 0.3561 0.4974 0.0000 0.0000
1.0000 0.0000 0.0000 0.0000 0.0000
0.0978 0.4205 0.2627 0.1099 0.1091
0.1574 0.0645 0.1773 0.4508 0.1500
0.6346 0.3654 0.0000 0.0000 0.0000
0.3627 0.1941 0.1779 0.2654 0.0000
0.0866 0.4429 0.2014 0.2691 0.0000
0.5747 0.0935 0.0606 0.2712 0.0000
0.7392 0.2608 0.0000 0.0000 0.0000
1.0000 0.0000 0.0000 0.0000 0.0000
1.0000 0.0000 0.0000 0.0000 0.0000
1.0000 0.0000 0.0000 0.0000 0.0000
0.1745 0.2903 0.0888 0.4465 0.0000
1.0000 0.0000 0.0000 0.0000 0.0000
0.5838 0.1426 0.1306 0.0775 0.0655
0.9091 0.0909 0.0000 0.0000 0.0000
0.7335 0.2665 0.0000 0.0000 0.0000
0.3243 0.1333 0.5424 0.0000 0.0000
0.4979 0.5021 0.0000 0.0000 0.0000
1.0000 0.0000 0.0000 0.0000 0.0000
0.0880 0.0526 0.1473 0.5013 0.2108
1.0000 0.0000 0.0000 0.0000 0.0000
0.8277 0.1723 0.0000 0.0000 0.0000
0.1745 0.2538 0.2195 0.0515 0.3006
0.2542 0.0617 0.4965 0.1876 0.0000
0.2640 0.3174 0.4186 0.0000 0.0000
0.4640 0.5360 0.0000 0.0000 0.0000
0.3491 0.4437 0.2072 0.0000 0.0000
0.2083 0.0851 0.7065 0.0000 0.0000
0.1834 0.1173 0.1487 0.4095 0.1411
0.1109 0.1937 0.4610 0.2344 0.0000
0.1476 0.8524 0.0000 0.0000 0.0000
1.0000 0.0000 0.0000 0.0000 0.0000
0.6032 0.2117 0.1851 0.0000 0.0000
0.2980 0.0515 0.2629 0.3877 0.0000
0.2544 0.3428 0.4028 0.0000 0.0000
1.0000 0.0000 0.0000 0.0000 0.0000
0.5778 0.2020 0.0911 0.1291 0.0000
0.3432 0.4971 0.1597 0.0000 0.0000
0.3836 0.0736 0.5428 0.0000 0.0000
0.0502 0.5455 0.1255 0.2788 0.0000
1.0000 0.0000 0.0000 0.0000 0.0000
0.2502 0.1439 0.1232 0.4167 0.0661
0.3010 0.3317 0.3673 0.0000 0.0000
0.0590 0.2170 0.2974 0.0776 0.3489
0.2336 0.3290 0.1780 0.2594 0.0000
0.1925 0.8075 0.0000 0.0000 0.0000
0.2872 0.2513 0.4615 0.0000 0.0000
0.7913 0.2087 0.0000 0.0000 0.0000
0.0791 0.6563 0.2647 0.0000 0.0000
0.2664 0.1362 0.5302 0.0672 0.0000
1.0000 0.0000 0.0000 0.0000 0.0000
0.0859 0.1136 0.2781 0.1841 0.3382
0.7440 0.2560 0.0000 0.0000 0.0000
0.2555 0.2780 0.2981 0.1685 0.0000
0.1083 0.8917 0.0000 0.0000 0.0000
1.0000 0.0000 0.0000 0.0000 0.0000
0.4532 0.3559 0.1909 0.0000 0.0000
1.0000 0.0000 0.0000 0.0000 0.0000
1.0000 0.0000 0.0000 0.0000 0.0000
0.0511 0.0628 0.1841 0.0531 0.6489
0.4060 0.2706 0.2097 0.1137 0.0000
0.2225 0.1481 0.1788 0.1594 0.2913
0.1172 0.2131 0.3732 0.1522 0.1444
0.1285 0.3823 0.4892 0.0000 0.0000
0.3194 0.1035 0.4577 0.1194 0.0000
1.0000 0.0000 0.0000 0.0000 0.0000
0.1489 0.2012 0.2029 0.4470 0.0000
0.1899 0.4252 0.2857 0.0993 0.0000
0.1501 0.2589 0.0756 0.5154 0.0000
1.0000 0.0000 0.0000 0.0000 0.0000
0.3165 0.1794 0.1314 0.3727 0.0000
0.4655 0.3526 0.1085 0.0734 0.0000
0.1828 0.0731 0.5879 0.1562 0.0000
0.0904 0.0745 0.1301 0.4600 0.2450
0.0563 0.2425 0.7012 0.0000 0.0000
0.4574 0.3488 0.0809 0.1129 0.0000
1.0000 0.0000 0.0000 0.0000 0.0000
0.3767 0.2833 0.3400 0.0000 0.0000
0.7283 0.1421 0.1296 0.0000 0.0000
0.2056 0.3089 0.1266 0.3589 0.0000
1.0000 0.0000 0.0000 0.0000 0.0000
0.0701 0.2433 0.5546 0.0531 0.0789
0.3843 0.1710 0.1889 0.2557 0.0000
0.1267 0.3211 0.2674 0.1577 0.1271
0.0871 0.0947 0.5659 0.0574 0.1948
0.5273 0.4727 0.0000 0.0000 0.0000
0.0607 0.6255 0.3138 0.0000 0.0000
0.2062 0.7938 0.0000 0.0000 0.0000
0.3369 0.0548 0.1833 0.4250 0.0000
1.0000 0.0000 0.0000 0.0000 0.0000
0.7761 0.0557 0.1681 0.0000 0.0000
0.4079 0.5921 0.0000 0.0000 0.0000
0.3638 0.3806 0.2556 0.0000 0.0000
1.0000 0.0000 0.0000 0.0000 0.0000
1.0000 0.0000 0.0000 0.0000 0.0000
0.8966 0.1034 0.0000 0.0000 0.0000
0.2656 0.7344 0.0000 0.0000 0.0000
0.1542 0.7678 0.0780 0.0000 0.0000
0.5511 0.3323 0.1167 0.0000 0.0000
0.2315 0.7034 0.0651 0.0000 0.0000
0.3023 0.2305 0.1569 0.0686 0.2418
0.0708 0.9292 0.0000 0.0000 0.0000
0.3684 0.3806 0.0623 0.1887 0.0000
0.6048 0.3090 0.0862 0.0000 0.0000
0.2508 0.6200 0.1292 0.0000 0.0000
0.1284 0.1744 0.0682 0.5036 0.1254
1.0000 0.0000 0.0000 0.0000 0.0000
0.3525 0.3137 0.3339 0.0000 0.0000
1.0000 0.0000 0.0000 0.0000 0.0000
0.6317 0.3683 0.0000 0.0000 0.0000
0.1788 0.8212 0.0000 0.0000 0.0000
0.1779 0.2481 0.5740 0.0000 0.0000
0.6579 0.2035 0.1387 0.0000 0.0000
0.4131 0.5348 0.0521 0.0000 0.0000
0.3616 0.5312 0.1072 0.0000 0.0000
0.3390 0.1461 0.5149 0.0000 0.0000
0.2223 0.0808 0.4670 0.1449 0.0849
0.2387 0.0832 0.0641 0.1730 0.4410
1.0000 0.0000 0.0000 0.0000 0.0000
0.3360 0.2058 0.1513 0.1451 0.1618
0.3123 0.6877 0.0000 0.0000 0.0000
0.1427 0.1907 0.3420 0.3246 0.0000
1.0000 0.0000 0.0000 0.0000 0.0000
0.4116 0.4991 0.0893 0.0000 0.0000
0.3206 0.1198 0.4038 0.0809 0.0749
0.5725 0.4275 0.0000 0.0000 0.0000
0.2941 0.1891 0.5167 0.0000 0.0000
0.1783 0.1803 0.2426 0.2924 0.1063
0.1248 0.7770 0.0982 0.0000 0.0000
0.0537 0.1389 0.4442 0.1412 0.2220
0.0823 0.4203 0.0720 0.1048 0.3206
0.2835 0.7165 0.0000 0.0000 0.0000
0.1191 0.8809 0.0000 0.0000 0.0000
0.3238 0.3344 0.0918 0.2500 0.0000
0.4904 0.3771 0.1326 0.0000 0.0000
0.2611 0.7389 0.0000 0.0000 0.0000
0.0720 0.4371 0.4015 0.0894 0.0000
0.0999 0.3027 0.3554 0.1706 0.0715
0.6939 0.0972 0.1401 0.0688 0.0000
0.3739 0.6261 0.0000 0.0000 0.0000
0.1919 0.6309 0.1772 0.0000 0.0000
0.4943 0.0959 0.4097 0.0000 0.0000
0.0590 0.0645 0.3672 0.5092 0.0000
0.2699 0.0700 0.1428 0.5173 0.0000
0.5249 0.2442 0.2308 0.0000 0.0000
0.7753 0.2247 0.0000 0.0000 0.0000
0.2226 0.1798 0.5976 0.0000 0.0000
0.1862 0.3241 0.1056 0.3841 0.0000
0.4066 0.5934 0.0000 0.0000 0.0000
1.0000 0.0000 0.0000 0.0000 0.0000
0.2884 0.2077 0.3704 0.0791 0.0544
0.3689 0.5256 0.1055 0.0000 0.0000
0.1432 0.1266 0.1606 0.5069 0.0627
0.4372 0.0543 0.3826 0.1259 0.0000
0.0686 0.3454 0.2899 0.2317 0.0643
0.0859 0.2079 0.3214 0.3848 0.0000
0.1137 0.5390 0.1303 0.0877 0.1293
0.0528 0.1875 0.4065 0.3532 0.0000
0.2816 0.7184 0.0000 0.0000 0.0000
1.0000 0.0000 0.0000 0.0000 0.0000
1.0000 0.0000 0.0000 0.0000 0.0000
0.1077 0.8923 0.0000 0.0000 0.0000
0.7993 0.2007 0.0000 0.0000 0.0000
0.1217 0.4277 0.4506 0.0000 0.0000
0.5680 0.0782 0.3538 0.0000 0.0000
0.0575 0.0576 0.1774 0.6492 0.0582
0.3475 0.2700 0.3824 0.0000 0.0000
0.5584 0.1052 0.3364 0.0000 0.0000
0.4086 0.2995 0.1519 0.1399 0.0000
0.4044 0.2050 0.1693 0.2212 0.0000
0.3503 0.6497 0.0000 0.0000 0.0000
0.5741 0.1977 0.2282 0.0000 0.0000
0.4665 0.5335 0.0000 0.0000 0.0000
1.0000 0.0000 0.0000 0.0000 0.0000
0.3067 0.4912 0.1122 0.0900 0.0000
1.0000 0.0000 0.0000 0.0000 0.0000
0.1321 0.1001 0.1905 0.5772 0.0000
0.2406 0.0997 0.2249 0.3817 0.0531
0.1546 0.1545 0.6909 0.0000 0.0000
0.1258 0.2070 0.3424 0.3247 0.0000
0.1465 0.1391 0.0685 0.1965 0.4494
1.0000 0.0000 0.0000 0.0000 0.0000
0.0707 0.5001 0.4292 0.0000 0.0000
0.2937 0.2398 0.1071 0.1549 0.2046
0.5604 0.4396 0.0000 0.0000 0.0000
1.0000 0.0000 0.0000 0.0000 0.0000
0.1834 0.2935 0.0564 0.4667 0.0000
1.0000 0.0000 0.0000 0.0000 0.0000
0.2905 0.1585 0.1747 0.1552 0.2211
0.1936 0.1667 0.1733 0.1688 0.2976
0.2034 0.3501 0.2967 0.0874 0.0625
0.3125 0.1004 0.1010 0.3262 0.1598
0.1058 0.3516 0.1536 0.1986 0.1903
0.2369 0.3232 0.4399 0.0000 0.0000
0.3833 0.4121 0.2047 0.0000 0.0000
0.1020 0.1546 0.1402 0.6033 0.0000
0.5224 0.0803 0.0938 0.1929 0.1106
1.0000 0.0000 0.0000 0.0000 0.0000
0.1210 0.2408 0.1946 0.4435 0.0000
0.6257 0.3743 0.0000 0.0000 0.0000
0.1511 0.1752 0.1145 0.1809 0.3783
0.3929 0.6071 0.0000 0.0000 0.0000
0.6214 0.3786 0.0000 0.0000 0.0000
0.1906 0.5738 0.2355 0.0000 0.0000
0.1973 0.8027 0.0000 0.0000 0.0000
0.0704 0.3412 0.5885 0.0000 0.0000
0.1267 0.1624 0.1113 0.3525 0.2471
0.1581 0.1590 0.1285 0.4180 0.1365
0.1577 0.3114 0.1242 0.0928 0.3139
0.1224 0.4022 0.4755 0.0000 0.0000
0.9192 0.0808 0.0000 0.0000 0.0000
0.2871 0.7129 0.0000 0.0000 0.0000
0.1243 0.4338 0.4419 0.0000 0.0000
0.3069 0.0555 0.0522 0.3448 0.2407
0.5247 0.4753 0.0000 0.0000 0.0000
0.4046 0.2586 0.3367 0.0000 0.0000
0.7477 0.2523 0.0000 0.0000 0.0000
0.2959 0.5903 0.1138 0.0000 0.0000
0.2414 0.7586 0.0000 0.0000 0.0000
0.4118 0.0925 0.0684 0.2765 0.1508
0.0795 0.1670 0.5406 0.2130 0.0000
0.1593 0.1127 0.7281 0.0000 0.0000
0.0567 0.2321 0.1811 0.2086 0.3215
0.1791 0.3330 0.0762 0.2039 0.2078
1.0000 0.0000 0.0000 0.0000 0.0000
0.1725 0.2972 0.1020 0.4283 0.0000
1.0000 0.0000 0.0000 0.0000 0.0000
0.4059 0.2623 0.1105 0.1510 0.0703
0.1589 0.4360 0.0824 0.3227 0.0000
1.0000 0.0000 0.0000 0.0000 0.0000
0.5457 0.4543 0.0000 0.0000 0.0000
1.0000 0.0000 0.0000 0.0000 0.0000
0.4051 0.1913 0.4035 0.0000 0.0000
0.4883 0.1644 0.3473 0.0000 0.0000
0.3272 0.4093 0.2635 0.0000 0.0000
0.0654 0.6406 0.0572 0.0841 0.1528
0.1866 0.1266 0.2468 0.2375 0.2025
1.0000 0.0000 0.0000 0.0000 0.0000
0.2258 0.0683 0.3376 0.3146 0.0538
0.0889 0.1097 0.1307 0.5263 0.1444
1.0000 0.0000 0.0000 0.0000 0.0000
1.0000 0.0000 0.0000 0.0000 0.0000
0.2274 0.4211 0.2953 0.0561 0.0000
0.3921 0.1793 0.3515 0.0770 0.0000
