0.6823 0.3177 0.0000 0.0000 0.0000
0.0564 0.5387 0.3014 0.0000 0.1034
0.1622 0.1503 0.1135 0.0000 0.5741
1.0000 0.0000 0.0000 0.0000 0.0000
1.0000 0.0000 0.0000 0.0000 0.0000
0.3212 0.4367 0.1641 0.0000 0.0780
0.6617 0.3383 0.0000 0.0000 0.0000
0.1349 0.1811 0.2897 0.0000 0.3943
0.2725 0.1331 0.2445 0.0000 0.3499
0.3618 0.3132 0.3251 0.0000 0.0000
0.0742 0.4139 0.1497 0.0000 0.3622
0.4794 0.2483 0.1693 0.0000 0.1030
1.0000 0.0000 0.0000 0.0000 0.0000
1.0000 0.0000 0.0000 0.0000 0.0000
0.5220 0.4780 0.0000 0.0000 0.0000
0.3209 0.1019 0.3751 0.0000 0.2021
1.0000 0.0000 0.0000 0.0000 0.0000
0.6834 0.0943 0.1387 0.0000 0.0837
0.6039 0.3961 0.0000 0.0000 0.0000
0.3153 0.6847 0.0000 0.0000 0.0000
0.5154 0.4846 0.0000 0.0000 0.0000
0.4530 0.4742 0.0728 0.0000 0.0000
0.6542 0.2520 0.0000 0.0939 0.0000
0.0713 0.7028 0.0530 0.0000 0.1729
0.2613 0.4223 0.3164 0.0000 0.0000
0.1120 0.2769 0.6111 0.0000 0.0000
0.6825 0.3175 0.0000 0.0000 0.0000
0.5429 0.4571 0.0000 0.0000 0.0000
0.2673 0.3719 0.2791 0.0000 0.0818
0.4713 0.3792 0.1495 0.0000 0.0000
0.1211 0.5162 0.0610 0.0000 0.3017
0.1535 0.1302 0.1909 0.0000 0.5253
0.4507 0.2283 0.3210 0.0000 0.0000
0.0694 0.3568 0.0000 0.5738 0.0000
0.4716 0.5284 0.0000 0.0000 0.0000
1.0000 0.0000 0.0000 0.0000 0.0000
0.0742 0.9258 0.0000 0.0000 0.0000
0.4378 0.2207 0.0000 0.3415 0.0000
0.4630 0.1855 0.3515 0.0000 0.0000
1.0000 0.0000 0.0000 0.0000 0.0000
1.0000 0.0000 0.0000 0.0000 0.0000
0.3834 0.1097 0.1448 0.0000 0.3620
0.1217 0.1997 0.6786 0.0000 0.0000
0.2401 0.4854 0.0000 0.2746 0.0000
0.4022 0.1717 0.4261 0.0000 0.0000
0.1913 0.5196 0.2891 0.0000 0.0000
1.0000 0.0000 0.0000 0.0000 0.0000
1.0000 0.0000 0.0000 0.0000 0.0000
0.3865 0.4050 0.2085 0.0000 0.0000
1.0000 0.0000 0.0000 0.0000 0.0000
0.4730 0.5270 0.0000 0.0000 0.0000
1.0000 0.0000 0.0000 0.0000 0.0000
0.2275 0.2185 0.3896 0.0000 0.1644
0.7885 0.2115 0.0000 0.0000 0.0000
0.4535 0.1460 0.4005 0.0000 0.0000
0.2017 0.4719 0.0000 0.3264 0.0000
0.5016 0.2758 0.2227 0.0000 0.0000
0.1496 0.2192 0.0000 0.6312 0.0000
0.0844 0.2014 0.7142 0.0000 0.0000
1.0000 0.0000 0.0000 0.0000 0.0000
0.3645 0.6355 0.0000 0.0000 0.0000
0.0662 0.9338 0.0000 0.0000 0.0000
0.2590 0.5873 0.1537 0.0000 0.0000
0.1219 0.6736 0.1165 0.0000 0.0881
0.4687 0.4742 0.0000 0.0570 0.0000
0.1910 0.8090 0.0000 0.0000 0.0000
1.0000 0.0000 0.0000 0.0000 0.0000
1.0000 0.0000 0.0000 0.0000 0.0000
0.7225 0.2775 0.0000 0.0000 0.0000
0.8489 0.1511 0.0000 0.0000 0.0000
0.4345 0.3089 0.0000 0.2566 0.0000
0.3099 0.4543 0.0000 0.2358 0.0000
0.0841 0.0779 0.8379 0.0000 0.0000
0.2529 0.1065 0.0000 0.6405 0.0000
1.0000 0.0000 0.0000 0.0000 0.0000
0.1453 0.2828 0.5720 0.0000 0.0000
0.0617 0.3297 0.1449 0.0000 0.4637
0.1728 0.7313 0.0960 0.0000 0.0000
0.0599 0.1063 0.8338 0.0000 0.0000
0.6221 0.3779 0.0000 0.0000 0.0000
0.3270 0.1786 0.4944 0.0000 0.0000
0.9161 0.0839 0.0000 0.0000 0.0000
0.2757 0.6438 0.0000 0.0805 0.0000
0.3351 0.6649 0.0000 0.0000 0.0000
0.3254 0.1260 0.5486 0.0000 0.0000
0.1304 0.6358 0.2338 0.0000 0.0000
0.4870 0.0831 0.2670 0.0000 0.1629
0.1811 0.3508 0.0000 0.4681 0.0000
1.0000 0.0000 0.0000 0.0000 0.0000
0.2687 0.1434 0.0000 0.5879 0.0000
0.2915 0.6015 0.0000 0.1070 0.0000
0.3831 0.1233 0.4936 0.0000 0.0000
0.6917 0.3083 0.0000 0.0000 0.0000
0.2274 0.2670 0.3544 0.0000 0.1512
0.5599 0.4401 0.0000 0.0000 0.0000
0.2772 0.7228 0.0000 0.0000 0.0000
1.0000 0.0000 0.0000 0.0000 0.0000
0.7895 0.1329 0.0000 0.0776 0.0000
0.3265 0.2548 0.4187 0.0000 0.0000
0.0633 0.4662 0.1155 0.0000 0.3551
0.2548 0.4646 0.0769 0.0000 0.2038
0.9209 0.0791 0.0000 0.0000 0.0000
0.0938 0.9062 0.0000 0.0000 0.0000
1.0000 0.0000 0.0000 0.0000 0.0000
0.5164 0.1105 0.1642 0.0000 0.2089
0.6533 0.1249 0.0000 0.2219 0.0000
0.4480 0.0876 0.4644 0.0000 0.0000
0.0515 0.5728 0.0000 0.3757 0.0000
0.2956 0.4348 0.2696 0.0000 0.0000
0.3311 0.2875 0.3815 0.0000 0.0000
0.5254 0.1235 0.0829 0.0000 0.2681
0.7924 0.2076 0.0000 0.0000 0.0000
1.0000 0.0000 0.0000 0.0000 0.0000
0.3523 0.2804 0.2710 0.0000 0.0963
0.1580 0.8420 0.0000 0.0000 0.0000
1.0000 0.0000 0.0000 0.0000 0.0000
0.7524 0.2476 0.0000 0.0000 0.0000
0.2285 0.5371 0.0000 0.2344 0.0000
0.1052 0.4454 0.2396 0.0000 0.2098
0.4646 0.1118 0.4236 0.0000 0.0000
0.2170 0.3335 0.3228 0.0000 0.1267
0.4481 0.0872 0.0000 0.4647 0.0000
0.2705 0.1779 0.2518 0.0000 0.2998
0.0964 0.5607 0.0000 0.3429 0.0000
1.0000 0.0000 0.0000 0.0000 0.0000
1.0000 0.0000 0.0000 0.0000 0.0000
0.1214 0.8786 0.0000 0.0000 0.0000
0.0890 0.2838 0.1866 0.0000 0.4407
0.4238 0.5762 0.0000 0.0000 0.0000
0.0619 0.5189 0.0000 0.4192 0.0000
0.4885 0.0953 0.3099 0.0000 0.1064
0.5185 0.1852 0.1746 0.0000 0.1218
0.0516 0.2064 0.4505 0.0000 0.2915
0.1468 0.7029 0.0000 0.1503 0.0000
0.1374 0.6056 0.0000 0.2570 0.0000
0.0692 0.4025 0.5283 0.0000 0.0000
0.2794 0.2337 0.4869 0.0000 0.0000
0.0787 0.3695 0.1119 0.0000 0.4399
0.1371 0.0871 0.7758 0.0000 0.0000
0.2185 0.7815 0.0000 0.0000 0.0000
1.0000 0.0000 0.0000 0.0000 0.0000
0.6233 0.3767 0.0000 0.0000 0.0000
0.5760 0.4240 0.0000 0.0000 0.0000
0.5878 0.1510 0.0000 0.2612 0.0000
1.0000 0.0000 0.0000 0.0000 0.0000
1.0000 0.0000 0.0000 0.0000 0.0000
0.2076 0.7924 0.0000 0.0000 0.0000
0.5545 0.1975 0.0000 0.2480 0.0000
0.9463 0.0537 0.0000 0.0000 0.0000
0.4129 0.5871 0.0000 0.0000 0.0000
1.0000 0.0000 0.0000 0.0000 0.0000
0.0792 0.3687 0.0000 0.5521 0.0000
0.1869 0.5284 0.0000 0.2846 0.0000
0.7375 0.0796 0.1829 0.0000 0.0000
1.0000 0.0000 0.0000 0.0000 0.0000
0.1022 0.5039 0.3344 0.0000 0.0595
0.1024 0.2298 0.0000 0.6677 0.0000
0.1042 0.4804 0.4155 0.0000 0.0000
0.2428 0.1032 0.0000 0.6541 0.0000
0.2414 0.1473 0.5232 0.0000 0.0880
0.1279 0.4095 0.2657 0.0000 0.1969
0.1299 0.8701 0.0000 0.0000 0.0000
0.3974 0.6026 0.0000 0.0000 0.0000
0.0868 0.6562 0.0000 0.2570 0.0000
0.0745 0.3526 0.5729 0.0000 0.0000
0.1272 0.5817 0.0000 0.2910 0.0000
1.0000 0.0000 0.0000 0.0000 0.0000
0.2829 0.1012 0.0000 0.6159 0.0000
0.4040 0.0764 0.0000 0.5196 0.0000
0.2984 0.5098 0.1918 0.0000 0.0000
0.1622 0.4785 0.0000 0.3593 0.0000
0.5222 0.0796 0.0000 0.3982 0.0000
1.0000 0.0000 0.0000 0.0000 0.0000
0.1392 0.7637 0.0971 0.0000 0.0000
0.3852 0.2134 0.0536 0.0000 0.3479
0.4973 0.2386 0.2641 0.0000 0.0000
1.0000 0.0000 0.0000 0.0000 0.0000
0.3054 0.0701 0.0800 0.0000 0.5444
1.0000 0.0000 0.0000 0.0000 0.0000
1.0000 0.0000 0.0000 0.0000 0.0000
0.3099 0.3525 0.0944 0.0000 0.2433
0.1204 0.3269 0.0000 0.5527 0.0000
0.4644 0.2591 0.2765 0.0000 0.0000
1.0000 0.0000 0.0000 0.0000 0.0000
0.5236 0.1133 0.3631 0.0000 0.0000
0.3532 0.1400 0.0773 0.0000 0.4295
0.2247 0.4647 0.1168 0.0000 0.1939
0.1154 0.5733 0.0000 0.3112 0.0000
1.0000 0.0000 0.0000 0.0000 0.0000
0.4926 0.5074 0.0000 0.0000 0.0000
0.1469 0.7929 0.0603 0.0000 0.0000
0.9472 0.0528 0.0000 0.0000 0.0000
0.1115 0.5367 0.2816 0.0000 0.0703
0.7725 0.2275 0.0000 0.0000 0.0000
0.1229 0.0668 0.0849 0.0000 0.7254
0.8558 0.1442 0.0000 0.0000 0.0000
0.2848 0.4497 0.0000 0.2655 0.0000
0.1620 0.3469 0.2425 0.0000 0.2486
0.0908 0.7383 0.0702 0.0000 0.1007
0.2704 0.6283 0.0000 0.1013 0.0000
0.2517 0.2428 0.5055 0.0000 0.0000
0.0680 0.5722 0.0000 0.3597 0.0000
0.3894 0.4040 0.0000 0.2066 0.0000
1.0000 0.0000 0.0000 0.0000 0.0000
1.0000 0.0000 0.0000 0.0000 0.0000
0.2539 0.3248 0.2535 0.0000 0.1678
1.0000 0.0000 0.0000 0.0000 0.0000
0.4057 0.3715 0.0000 0.2229 0.0000
0.1910 0.3174 0.4915 0.0000 0.0000
1.0000 0.0000 0.0000 0.0000 0.0000
0.7372 0.1093 0.0000 0.1534 0.0000
0.5021 0.4979 0.0000 0.0000 0.0000
0.6706 0.3294 0.0000 0.0000 0.0000
0.3363 0.3446 0.3191 0.0000 0.0000
0.1551 0.1382 0.7066 0.0000 0.0000
0.6228 0.3772 0.0000 0.0000 0.0000
0.4779 0.1055 0.4166 0.0000 0.0000
0.0863 0.1707 0.7431 0.0000 0.0000
0.7413 0.2587 0.0000 0.0000 0.0000
0.2819 0.4529 0.0000 0.2652 0.0000
1.0000 0.0000 0.0000 0.0000 0.0000
0.4802 0.3848 0.0000 0.1349 0.0000
0.2190 0.3542 0.2452 0.0000 0.1816
0.0785 0.9215 0.0000 0.0000 0.0000
0.8242 0.1758 0.0000 0.0000 0.0000
0.1786 0.0901 0.0000 0.7313 0.0000
0.2686 0.4565 0.0000 0.2749 0.0000
0.8861 0.1139 0.0000 0.0000 0.0000
0.0836 0.8652 0.0512 0.0000 0.0000
1.0000 0.0000 0.0000 0.0000 0.0000
0.1975 0.8025 0.0000 0.0000 0.0000
1.0000 0.0000 0.0000 0.0000 0.0000
0.4857 0.1996 0.3147 0.0000 0.0000
1.0000 0.0000 0.0000 0.0000 0.0000
0.1860 0.4671 0.3469 0.0000 0.0000
0.8375 0.0627 0.0998 0.0000 0.0000
0.4915 0.0860 0.4224 0.0000 0.0000
0.0993 0.7855 0.0000 0.1152 0.0000
0.0635 0.4980 0.0000 0.4384 0.0000
0.3700 0.4575 0.0000 0.1725 0.0000
0.3446 0.6554 0.0000 0.0000 0.0000
0.2000 0.1895 0.3616 0.0000 0.2489
0.2480 0.2833 0.0000 0.4687 0.0000
1.0000 0.0000 0.0000 0.0000 0.0000
0.5603 0.4397 0.0000 0.0000 0.0000
1.0000 0.0000 0.0000 0.0000 0.0000
1.0000 0.0000 0.0000 0.0000 0.0000
1.0000 0.0000 0.0000 0.0000 0.0000
0.5647 0.1240 0.0000 0.3113 0.0000
0.3812 0.3611 0.2578 0.0000 0.0000
0.1103 0.8897 0.0000 0.0000 0.0000
0.0701 0.1516 0.1376 0.0000 0.6408
0.5369 0.4631 0.0000 0.0000 0.0000
0.7282 0.0965 0.0000 0.1754 0.0000
0.2989 0.3705 0.0000 0.3306 0.0000
0.5758 0.4242 0.0000 0.0000 0.0000
0.6229 0.3771 0.0000 0.0000 0.0000
0.2454 0.2604 0.4942 0.0000 0.0000
1.0000 0.0000 0.0000 0.0000 0.0000
0.5169 0.4831 0.0000 0.0000 0.0000
0.2215 0.0640 0.0000 0.7146 0.0000
0.5131 0.2366 0.0000 0.2503 0.0000
0.0512 0.1470 0.2957 0.0000 0.5062
0.3204 0.6042 0.0000 0.0754 0.0000
0.2832 0.7168 0.0000 0.0000 0.0000
0.5205 0.2864 0.0000 0.1931 0.0000
1.0000 0.0000 0.0000 0.0000 0.0000
0.6725 0.1625 0.0000 0.1650 0.0000
0.2027 0.3965 0.4008 0.0000 0.0000
0.7687 0.2313 0.0000 0.0000 0.0000
0.3546 0.6454 0.0000 0.0000 0.0000
0.2430 0.7570 0.0000 0.0000 0.0000
0.0783 0.7802 0.0000 0.1415 0.0000
0.2728 0.0650 0.6622 0.0000 0.0000
1.0000 0.0000 0.0000 0.0000 0.0000
0.1001 0.8999 0.0000 0.0000 0.0000
0.7076 0.2924 0.0000 0.0000 0.0000
0.3740 0.6260 0.0000 0.0000 0.0000
0.0527 0.6090 0.0000 0.3383 0.0000
0.3510 0.2606 0.3884 0.0000 0.0000
1.0000 0.0000 0.0000 0.0000 0.0000
1.0000 0.0000 0.0000 0.0000 0.0000
0.6978 0.2100 0.0000 0.0922 0.0000
0.2089 0.2738 0.0000 0.5173 0.0000
0.9245 0.0755 0.0000 0.0000 0.0000
0.3207 0.3497 0.3296 0.0000 0.0000
1.0000 0.0000 0.0000 0.0000 0.0000
1.0000 0.0000 0.0000 0.0000 0.0000
1.0000 0.0000 0.0000 0.0000 0.0000
0.2212 0.2854 0.0000 0.4934 0.0000
0.2704 0.0773 0.1619 0.0000 0.4905
0.2333 0.4113 0.1565 0.0000 0.1988
0.1536 0.7240 0.0509 0.0000 0.0714
0.1009 0.8991 0.0000 0.0000 0.0000
0.6416 0.2041 0.1543 0.0000 0.0000
1.0000 0.0000 0.0000 0.0000 0.0000
0.1172 0.1131 0.0000 0.7697 0.0000
0.3172 0.6313 0.0000 0.0515 0.0000
1.0000 0.0000 0.0000 0.0000 0.0000
1.0000 0.0000 0.0000 0.0000 0.0000
0.1406 0.2858 0.4680 0.0000 0.1056
1.0000 0.0000 0.0000 0.0000 0.0000
0.0691 0.9309 0.0000 0.0000 0.0000
0.1372 0.6604 0.0000 0.2024 0.0000
0.4127 0.3958 0.0502 0.0000 0.1412
0.1068 0.1916 0.2216 0.0000 0.4800
0.7479 0.1474 0.1047 0.0000 0.0000
0.3877 0.5539 0.0584 0.0000 0.0000
0.1559 0.8441 0.0000 0.0000 0.0000
0.1336 0.8664 0.0000 0.0000 0.0000
0.0658 0.2331 0.6290 0.0000 0.0720
0.5701 0.4299 0.0000 0.0000 0.0000
0.1575 0.1431 0.0000 0.6994 0.0000
0.1562 0.3911 0.4527 0.0000 0.0000
0.5757 0.4243 0.0000 0.0000 0.0000
0.0545 0.8525 0.0930 0.0000 0.0000
0.2578 0.0707 0.1472 0.0000 0.5243
0.2086 0.4460 0.3454 0.0000 0.0000
0.1003 0.8997 0.0000 0.0000 0.0000
0.0655 0.1176 0.7045 0.0000 0.1124
0.0610 0.5746 0.3644 0.0000 0.0000
1.0000 0.0000 0.0000 0.0000 0.0000
0.3922 0.2748 0.3330 0.0000 0.0000
0.6179 0.1712 0.2109 0.0000 0.0000
0.6552 0.1409 0.2039 0.0000 0.0000
0.4264 0.4866 0.0870 0.0000 0.0000
0.3348 0.1353 0.5299 0.0000 0.0000
1.0000 0.0000 0.0000 0.0000 0.0000
0.0981 0.3309 0.5710 0.0000 0.0000
1.0000 0.0000 0.0000 0.0000 0.0000
1.0000 0.0000 0.0000 0.0000 0.0000
0.6194 0.3806 0.0000 0.0000 0.0000
0.4720 0.2467 0.0000 0.2813 0.0000
0.3468 0.0632 0.5900 0.0000 0.0000
0.3531 0.0964 0.0000 0.5505 0.0000
0.0894 0.1847 0.0000 0.7259 0.0000
0.5732 0.1344 0.1403 0.0000 0.1521
0.2439 0.0550 0.7011 0.0000 0.0000
0.2442 0.6365 0.0000 0.1194 0.0000
0.1170 0.1627 0.0000 0.7203 0.0000
1.0000 0.0000 0.0000 0.0000 0.0000
0.0598 0.9402 0.0000 0.0000 0.0000
1.0000 0.0000 0.0000 0.0000 0.0000
0.7014 0.2986 0.0000 0.0000 0.0000
0.0609 0.2591 0.4422 0.0000 0.2378
0.1364 0.3308 0.1131 0.0000 0.4197
1.0000 0.0000 0.0000 0.0000 0.0000
1.0000 0.0000 0.0000 0.0000 0.0000
0.2785 0.1516 0.3760 0.0000 0.1939
0.1629 0.8371 0.0000 0.0000 0.0000
0.4984 0.5016 0.0000 0.0000 0.0000
0.3052 0.1011 0.1996 0.0000 0.3941
0.2117 0.1710 0.2400 0.0000 0.3773
1.0000 0.0000 0.0000 0.0000 0.0000
1.0000 0.0000 0.0000 0.0000 0.0000
0.2567 0.0907 0.6526 0.0000 0.0000
0.6146 0.0545 0.0000 0.3310 0.0000
0.3111 0.6889 0.0000 0.0000 0.0000
1.0000 0.0000 0.0000 0.0000 0.0000
0.1838 0.7371 0.0000 0.0791 0.0000
0.4349 0.0772 0.4879 0.0000 0.0000
0.2541 0.6224 0.0000 0.1235 0.0000
0.2844 0.7156 0.0000 0.0000 0.0000
1.0000 0.0000 0.0000 0.0000 0.0000
0.1508 0.6295 0.0000 0.2197 0.0000
0.5244 0.2653 0.0000 0.2104 0.0000
1.0000 0.0000 0.0000 0.0000 0.0000
0.4049 0.1217 0.3302 0.0000 0.1431
0.2636 0.2406 0.0000 0.4958 0.0000
0.8518 0.0937 0.0544 0.0000 0.0000
0.1388 0.2430 0.6182 0.0000 0.0000
0.1170 0.7534 0.1296 0.0000 0.0000
0.1676 0.3525 0.0000 0.4799 0.0000
0.6173 0.2418 0.1408 0.0000 0.0000
0.4109 0.1504 0.1368 0.0000 0.3018
1.0000 0.0000 0.0000 0.0000 0.0000
0.2583 0.7417 0.0000 0.0000 0.0000
0.2580 0.6476 0.0944 0.0000 0.0000
0.1481 0.1017 0.6148 0.0000 0.1354
0.6987 0.0856 0.0000 0.2157 0.0000
0.3252 0.5414 0.0000 0.1334 0.0000
0.1378 0.1049 0.7573 0.0000 0.0000
0.7627 0.2373 0.0000 0.0000 0.0000
0.3369 0.3637 0.2994 0.0000 0.0000
0.2281 0.3479 0.1731 0.0000 0.2509
0.6578 0.2293 0.1130 0.0000 0.0000
1.0000 0.0000 0.0000 0.0000 0.0000
0.5801 0.2456 0.0000 0.1744 0.0000
0.3968 0.2822 0.0000 0.3210 0.0000
1.0000 0.0000 0.0000 0.0000 0.0000
0.6829 0.1976 0.0000 0.1194 0.0000
0.4548 0.2443 0.1547 0.0000 0.1462
0.1723 0.1934 0.0000 0.6343 0.0000
0.1818 0.4934 0.0000 0.3248 0.0000
0.3632 0.1245 0.0000 0.5123 0.0000
0.3139 0.6244 0.0617 0.0000 0.0000
0.2867 0.4495 0.0000 0.2638 0.0000
0.4554 0.3159 0.0000 0.2286 0.0000
0.5193 0.2719 0.0000 0.2088 0.0000
0.1995 0.1816 0.0000 0.6189 0.0000
1.0000 0.0000 0.0000 0.0000 0.0000
1.0000 0.0000 0.0000 0.0000 0.0000
1.0000 0.0000 0.0000 0.0000 0.0000
0.0799 0.7985 0.1216 0.0000 0.0000
1.0000 0.0000 0.0000 0.0000 0.0000
0.6231 0.3769 0.0000 0.0000 0.0000
0.4077 0.3588 0.1737 0.0000 0.0597
1.0000 0.0000 0.0000 0.0000 0.0000
0.4282 0.1094 0.4624 0.0000 0.0000
0.6878 0.3122 0.0000 0.0000 0.0000
0.4033 0.2581 0.0000 0.3386 0.0000
0.8192 0.1808 0.0000 0.0000 0.0000
0.7257 0.1989 0.0000 0.0754 0.0000
0.3573 0.6427 0.0000 0.0000 0.0000
1.0000 0.0000 0.0000 0.0000 0.0000
0.1330 0.7072 0.1597 0.0000 0.0000
0.1288 0.1780 0.6932 0.0000 0.0000
0.9271 0.0729 0.0000 0.0000 0.0000
0.0525 0.1450 0.8025 0.0000 0.0000
0.3772 0.6228 0.0000 0.0000 0.0000
0.3749 0.3615 0.2636 0.0000 0.0000
0.3810 0.4886 0.1304 0.0000 0.0000
0.1141 0.8859 0.0000 0.0000 0.0000
0.8690 0.1310 0.0000 0.0000 0.0000
0.7914 0.0852 0.0000 0.1234 0.0000
0.2668 0.5647 0.0000 0.1685 0.0000
0.2935 0.2554 0.4511 0.0000 0.0000
0.2619 0.1425 0.0000 0.5956 0.0000
1.0000 0.0000 0.0000 0.0000 0.0000
1.0000 0.0000 0.0000 0.0000 0.0000
1.0000 0.0000 0.0000 0.0000 0.0000
0.3460 0.5481 0.0000 0.1058 0.0000
0.3168 0.1543 0.0000 0.5289 0.0000
0.6598 0.3402 0.0000 0.0000 0.0000
0.1824 0.8176 0.0000 0.0000 0.0000
1.0000 0.0000 0.0000 0.0000 0.0000
0.3453 0.5404 0.0000 0.1143 0.0000
0.6896 0.2031 0.0000 0.1073 0.0000
0.2400 0.7600 0.0000 0.0000 0.0000
0.2501 0.5043 0.2456 0.0000 0.0000
0.2529 0.3417 0.0000 0.4054 0.0000
1.0000 0.0000 0.0000 0.0000 0.0000
0.2308 0.5988 0.0000 0.1704 0.0000
0.1087 0.2061 0.6852 0.0000 0.0000
0.3303 0.5910 0.0000 0.0787 0.0000
0.1513 0.3987 0.1123 0.0000 0.3376
0.3250 0.0690 0.1234 0.0000 0.4826
0.3257 0.2184 0.0000 0.4559 0.0000
0.1233 0.7626 0.1141 0.0000 0.0000
0.7136 0.2864 0.0000 0.0000 0.0000
0.6591 0.3409 0.0000 0.0000 0.0000
1.0000 0.0000 0.0000 0.0000 0.0000
1.0000 0.0000 0.0000 0.0000 0.0000
1.0000 0.0000 0.0000 0.0000 0.0000
0.2697 0.3352 0.1696 0.0000 0.2255
0.8496 0.1504 0.0000 0.0000 0.0000
1.0000 0.0000 0.0000 0.0000 0.0000
0.0512 0.6510 0.2978 0.0000 0.0000
1.0000 0.0000 0.0000 0.0000 0.0000
0.4559 0.5441 0.0000 0.0000 0.0000
0.3978 0.1885 0.0000 0.4138 0.0000
0.3192 0.2303 0.0000 0.4505 0.0000
1.0000 0.0000 0.0000 0.0000 0.0000
0.1781 0.8219 0.0000 0.0000 0.0000
0.1277 0.8723 0.0000 0.0000 0.0000
1.0000 0.0000 0.0000 0.0000 0.0000
0.5083 0.4917 0.0000 0.0000 0.0000
0.7586 0.0843 0.0000 0.1571 0.0000
0.5357 0.3042 0.0000 0.1601 0.0000
0.5050 0.1190 0.3760 0.0000 0.0000
1.0000 0.0000 0.0000 0.0000 0.0000
0.4177 0.3022 0.2801 0.0000 0.0000
1.0000 0.0000 0.0000 0.0000 0.0000
0.0863 0.0781 0.4372 0.0000 0.3983
0.8678 0.1322 0.0000 0.0000 0.0000
1.0000 0.0000 0.0000 0.0000 0.0000
0.6842 0.2329 0.0000 0.0829 0.0000
0.1349 0.5298 0.0504 0.0000 0.2849
1.0000 0.0000 0.0000 0.0000 0.0000
0.3681 0.4380 0.0000 0.1939 0.0000
0.9227 0.0773 0.0000 0.0000 0.0000
0.2603 0.6600 0.0000 0.0798 0.0000
0.1241 0.2676 0.0000 0.6083 0.0000
0.2534 0.7466 0.0000 0.0000 0.0000
1.0000 0.0000 0.0000 0.0000 0.0000
0.1331 0.3429 0.4153 0.0000 0.1088
0.0817 0.0591 0.3986 0.0000 0.4606
0.7396 0.2604 0.0000 0.0000 0.0000
1.0000 0.0000 0.0000 0.0000 0.0000
0.4005 0.2377 0.3618 0.0000 0.0000
0.0891 0.6310 0.0000 0.2799 0.0000
0.2635 0.3748 0.0000 0.3617 0.0000
0.2992 0.2635 0.4373 0.0000 0.0000
0.0599 0.3243 0.1029 0.0000 0.5130
1.0000 0.0000 0.0000 0.0000 0.0000
0.4030 0.4004 0.1384 0.0000 0.0582
1.0000 0.0000 0.0000 0.0000 0.0000
0.5295 0.0991 0.0000 0.3714 0.0000
0.0565 0.2484 0.6951 0.0000 0.0000
0.0682 0.3924 0.0000 0.5395 0.0000
