1.0000 0.0000 0.0000 0.0000 0.0000
0.2971 0.1480 0.0974 0.4575 0.0000
0.0995 0.3843 0.1154 0.2274 0.1733
0.2234 0.0762 0.3529 0.1553 0.1922
0.8363 0.1637 0.0000 0.0000 0.0000
1.0000 0.0000 0.0000 0.0000 0.0000
0.2942 0.1093 0.3016 0.2949 0.0000
0.0915 0.0756 0.4384 0.1861 0.2084
0.2044 0.1934 0.3344 0.2048 0.0630
0.2679 0.2406 0.1717 0.3198 0.0000
0.3407 0.1661 0.1522 0.2860 0.0549
0.1007 0.8993 0.0000 0.0000 0.0000
0.1996 0.8004 0.0000 0.0000 0.0000
0.9145 0.0855 0.0000 0.0000 0.0000
1.0000 0.0000 0.0000 0.0000 0.0000
0.6636 0.3364 0.0000 0.0000 0.0000
0.3650 0.6350 0.0000 0.0000 0.0000
0.1010 0.2298 0.1381 0.5311 0.0000
0.2745 0.2050 0.3531 0.0749 0.0924
0.3432 0.0844 0.0845 0.3159 0.1721
1.0000 0.0000 0.0000 0.0000 0.0000
0.3478 0.1354 0.0662 0.4506 0.0000
0.4099 0.2859 0.3042 0.0000 0.0000
0.2104 0.4109 0.1827 0.1960 0.0000
0.3782 0.2625 0.3593 0.0000 0.0000
0.2244 0.1247 0.6508 0.0000 0.0000
0.8448 0.0767 0.0786 0.0000 0.0000
0.2502 0.1838 0.0653 0.4392 0.0616
0.2006 0.2470 0.3396 0.0978 0.1149
0.2136 0.7864 0.0000 0.0000 0.0000
0.2515 0.7485 0.0000 0.0000 0.0000
0.4194 0.0994 0.4811 0.0000 0.0000
0.1153 0.2493 0.2674 0.2580 0.1099
0.1509 0.1528 0.2149 0.2905 0.1909
0.2002 0.2983 0.5015 0.0000 0.0000
0.6275 0.1808 0.1917 0.0000 0.0000
0.0638 0.1106 0.4649 0.2772 0.0835
0.0614 0.9386 0.0000 0.0000 0.0000
1.0000 0.0000 0.0000 0.0000 0.0000
1.0000 0.0000 0.0000 0.0000 0.0000
0.3169 0.6831 0.0000 0.0000 0.0000
0.2287 0.2385 0.3019 0.2309 0.0000
0.3591 0.2721 0.1601 0.2086 0.0000
0.1583 0.0722 0.4978 0.2718 0.0000
0.2684 0.0883 0.6432 0.0000 0.0000
1.0000 0.0000 0.0000 0.0000 0.0000
1.0000 0.0000 0.0000 0.0000 0.0000
0.5103 0.4897 0.0000 0.0000 0.0000
0.8006 0.1994 0.0000 0.0000 0.0000
0.2691 0.7309 0.0000 0.0000 0.0000
0.1457 0.5714 0.2829 0.0000 0.0000
0.3788 0.4309 0.1371 0.0532 0.0000
1.0000 0.0000 0.0000 0.0000 0.0000
0.1995 0.4451 0.3554 0.0000 0.0000
0.2954 0.2138 0.2673 0.1729 0.0507
1.0000 0.0000 0.0000 0.0000 0.0000
0.0792 0.3804 0.2460 0.1403 0.1542
0.3606 0.0830 0.5564 0.0000 0.0000
0.6826 0.3174 0.0000 0.0000 0.0000
0.5310 0.4690 0.0000 0.0000 0.0000
0.6246 0.2587 0.0609 0.0558 0.0000
0.3402 0.6598 0.0000 0.0000 0.0000
0.0919 0.9081 0.0000 0.0000 0.0000
0.2958 0.1701 0.1192 0.4149 0.0000
0.6983 0.3017 0.0000 0.0000 0.0000
1.0000 0.0000 0.0000 0.0000 0.0000
0.2614 0.2743 0.4643 0.0000 0.0000
0.0617 0.2167 0.3555 0.2887 0.0774
0.1139 0.1061 0.0671 0.1761 0.5369
1.0000 0.0000 0.0000 0.0000 0.0000
1.0000 0.0000 0.0000 0.0000 0.0000
0.1800 0.3347 0.4852 0.0000 0.0000
0.1451 0.1572 0.5636 0.1341 0.0000
0.0876 0.1101 0.0918 0.6442 0.0663
0.4968 0.0619 0.4413 0.0000 0.0000
0.0951 0.0794 0.2450 0.3843 0.1962
0.6110 0.3890 0.0000 0.0000 0.0000
0.2958 0.3797 0.0651 0.2594 0.0000
0.6404 0.3596 0.0000 0.0000 0.0000
1.0000 0.0000 0.0000 0.0000 0.0000
0.1326 0.0998 0.3249 0.2987 0.1439
0.2849 0.1619 0.1572 0.0849 0.3111
0.0588 0.3370 0.0924 0.3318 0.1800
0.9104 0.0896 0.0000 0.0000 0.0000
0.5395 0.4605 0.0000 0.0000 0.0000
0.1850 0.0809 0.4494 0.0694 0.2153
0.2802 0.7198 0.0000 0.0000 0.0000
0.5015 0.3124 0.1862 0.0000 0.0000
0.2738 0.5137 0.1218 0.0908 0.0000
0.4945 0.1648 0.0550 0.2858 0.0000
0.2194 0.7253 0.0553 0.0000 0.0000
0.1055 0.2810 0.1014 0.1585 0.3536
0.1512 0.2402 0.1497 0.1623 0.2967
0.8170 0.1830 0.0000 0.0000 0.0000
1.0000 0.0000 0.0000 0.0000 0.0000
1.0000 0.0000 0.0000 0.0000 0.0000
0.7328 0.2017 0.0655 0.0000 0.0000
1.0000 0.0000 0.0000 0.0000 0.0000
0.5786 0.2045 0.2170 0.0000 0.0000
0.2015 0.0875 0.4210 0.1733 0.1167
