0.1809 0.2012 0.0000 0.6179 0.0000
0.4896 0.1655 0.3449 0.0000 0.0000
0.1188 0.7169 0.1643 0.0000 0.0000
1.0000 0.0000 0.0000 0.0000 0.0000
0.1477 0.2259 0.0000 0.6264 0.0000
1.0000 0.0000 0.0000 0.0000 0.0000
0.3453 0.3497 0.0000 0.0000 0.3050
1.0000 0.0000 0.0000 0.0000 0.0000
0.6995 0.2079 0.0000 0.0925 0.0000
0.3322 0.5546 0.1132 0.0000 0.0000
0.1202 0.7775 0.0000 0.1023 0.0000
0.0910 0.5495 0.0000 0.3595 0.0000
1.0000 0.0000 0.0000 0.0000 0.0000
0.3038 0.2746 0.4216 0.0000 0.0000
0.4650 0.3257 0.0000 0.2093 0.0000
0.0956 0.5376 0.0000 0.0000 0.3668
0.4899 0.5101 0.0000 0.0000 0.0000
0.0637 0.3243 0.0000 0.0000 0.6120
0.3033 0.4735 0.0000 0.2232 0.0000
0.6832 0.3168 0.0000 0.0000 0.0000
0.0664 0.4262 0.0000 0.5074 0.0000
1.0000 0.0000 0.0000 0.0000 0.0000
0.0852 0.5537 0.0000 0.0000 0.3611
0.6446 0.2810 0.0000 0.0000 0.0744
1.0000 0.0000 0.0000 0.0000 0.0000
0.7880 0.1396 0.0000 0.0724 0.0000
0.5697 0.0927 0.0000 0.0000 0.3375
1.0000 0.0000 0.0000 0.0000 0.0000
0.2193 0.7807 0.0000 0.0000 0.0000
0.6224 0.2179 0.1597 0.0000 0.0000
0.6224 0.1953 0.1822 0.0000 0.0000
1.0000 0.0000 0.0000 0.0000 0.0000
0.2786 0.2814 0.0000 0.0000 0.4400
0.3986 0.6014 0.0000 0.0000 0.0000
0.9302 0.0698 0.0000 0.0000 0.0000
0.2308 0.5814 0.1877 0.0000 0.0000
0.5627 0.3543 0.0000 0.0000 0.0830
0.2298 0.7702 0.0000 0.0000 0.0000
1.0000 0.0000 0.0000 0.0000 0.0000
0.3209 0.6248 0.0000 0.0543 0.0000
0.7095 0.2905 0.0000 0.0000 0.0000
1.0000 0.0000 0.0000 0.0000 0.0000
0.5595 0.2224 0.2181 0.0000 0.0000
1.0000 0.0000 0.0000 0.0000 0.0000
0.3327 0.4629 0.0000 0.0000 0.2043
0.5974 0.0731 0.3295 0.0000 0.0000
1.0000 0.0000 0.0000 0.0000 0.0000
0.3117 0.6883 0.0000 0.0000 0.0000
1.0000 0.0000 0.0000 0.0000 0.0000
0.0951 0.5670 0.3379 0.0000 0.0000
