0.3116 0.0892 0.0000 0.0000 0.0000 0.1146 0.0000 0.0000 0.4846 0.0000
0.2092 0.3149 0.0000 0.0000 0.2563 0.2196 0.0000 0.0000 0.0000 0.0000
0.0724 0.2991 0.0000 0.0000 0.0806 0.4793 0.0000 0.0687 0.0000 0.0000
1.0000 0.0000 0.0000 0.0000 0.0000 0.0000 0.0000 0.0000 0.0000 0.0000
0.2943 0.7057 0.0000 0.0000 0.0000 0.0000 0.0000 0.0000 0.0000 0.0000
0.2646 0.2483 0.0000 0.0000 0.3963 0.0908 0.0000 0.0000 0.0000 0.0000
0.1948 0.2058 0.0000 0.0000 0.4018 0.0649 0.0000 0.1327 0.0000 0.0000
0.5335 0.4665 0.0000 0.0000 0.0000 0.0000 0.0000 0.0000 0.0000 0.0000
0.1211 0.4846 0.0000 0.0000 0.0805 0.2491 0.0000 0.0648 0.0000 0.0000
0.1529 0.1591 0.0000 0.4794 0.0000 0.1332 0.0000 0.0000 0.0755 0.0000
0.4974 0.5026 0.0000 0.0000 0.0000 0.0000 0.0000 0.0000 0.0000 0.0000
0.3823 0.0505 0.0000 0.0000 0.0000 0.5672 0.0000 0.0000 0.0000 0.0000
0.3970 0.1003 0.0000 0.0000 0.0000 0.0685 0.0000 0.0000 0.4343 0.0000
0.0818 0.4558 0.0000 0.1842 0.0000 0.0534 0.0000 0.0000 0.0509 0.1739
0.0614 0.0734 0.0000 0.1117 0.0000 0.2623 0.0000 0.0000 0.2268 0.2643
0.2466 0.7534 0.0000 0.0000 0.0000 0.0000 0.0000 0.0000 0.0000 0.0000
0.1566 0.2889 0.0000 0.0000 0.2311 0.3234 0.0000 0.0000 0.0000 0.0000
0.3025 0.1440 0.0000 0.0000 0.3318 0.2217 0.0000 0.0000 0.0000 0.0000
0.1307 0.3183 0.0000 0.0000 0.0000 0.1818 0.3692 0.0000 0.0000 0.0000
0.3167 0.5014 0.0000 0.0000 0.0000 0.1819 0.0000 0.0000 0.0000 0.0000
0.1014 0.1792 0.0000 0.4384 0.0000 0.1317 0.0000 0.0000 0.1493 0.0000
0.5615 0.0000 0.4385 0.0000 0.0000 0.0000 0.0000 0.0000 0.0000 0.0000
0.1350 0.4929 0.0000 0.0000 0.0000 0.2900 0.0000 0.0000 0.0820 0.0000
0.0922 0.3439 0.0000 0.0000 0.2235 0.0646 0.0000 0.2758 0.0000 0.0000
0.1588 0.1922 0.0000 0.0000 0.0000 0.2760 0.0000 0.0000 0.3730 0.0000
0.3083 0.1607 0.0000 0.0000 0.4330 0.0980 0.0000 0.0000 0.0000 0.0000
0.7084 0.1360 0.0000 0.0000 0.0000 0.1557 0.0000 0.0000 0.0000 0.0000
1.0000 0.0000 0.0000 0.0000 0.0000 0.0000 0.0000 0.0000 0.0000 0.0000
0.1717 0.1090 0.0000 0.0591 0.0000 0.2623 0.0000 0.0000 0.1780 0.2199
0.2848 0.2303 0.0000 0.0000 0.0000 0.2361 0.0000 0.0000 0.2488 0.0000
0.8329 0.0000 0.1671 0.0000 0.0000 0.0000 0.0000 0.0000 0.0000 0.0000
0.0939 0.0813 0.0000 0.0000 0.3524 0.2755 0.0000 0.1969 0.0000 0.0000
0.4024 0.0000 0.5976 0.0000 0.0000 0.0000 0.0000 0.0000 0.0000 0.0000
0.1105 0.8895 0.0000 0.0000 0.0000 0.0000 0.0000 0.0000 0.0000 0.0000
0.0717 0.0000 0.9283 0.0000 0.0000 0.0000 0.0000 0.0000 0.0000 0.0000
0.3531 0.0709 0.0000 0.0000 0.0000 0.2075 0.0000 0.0000 0.3684 0.0000
0.3014 0.0000 0.6986 0.0000 0.0000 0.0000 0.0000 0.0000 0.0000 0.0000
0.0697 0.2015 0.0000 0.0000 0.6339 0.0949 0.0000 0.0000 0.0000 0.0000
1.0000 0.0000 0.0000 0.0000 0.0000 0.0000 0.0000 0.0000 0.0000 0.0000
0.9033 0.0967 0.0000 0.0000 0.0000 0.0000 0.0000 0.0000 0.0000 0.0000
0.8613 0.0000 0.1387 0.0000 0.0000 0.0000 0.0000 0.0000 0.0000 0.0000
1.0000 0.0000 0.0000 0.0000 0.0000 0.0000 0.0000 0.0000 0.0000 0.0000
0.5195 0.2929 0.0000 0.0000 0.0000 0.1876 0.0000 0.0000 0.0000 0.0000
0.7195 0.0980 0.0000 0.0000 0.0000 0.1825 0.0000 0.0000 0.0000 0.0000
0.1987 0.3558 0.0000 0.0000 0.0000 0.3671 0.0784 0.0000 0.0000 0.0000
0.1172 0.3071 0.0000 0.0000 0.0000 0.2609 0.3148 0.0000 0.0000 0.0000
0.3690 0.0000 0.6310 0.0000 0.0000 0.0000 0.0000 0.0000 0.0000 0.0000
0.4333 0.1166 0.0000 0.1207 0.0000 0.0557 0.0000 0.0000 0.2736 0.0000
0.6810 0.0908 0.0000 0.0000 0.0837 0.1445 0.0000 0.0000 0.0000 0.0000
0.9183 0.0817 0.0000 0.0000 0.0000 0.0000 0.0000 0.0000 0.0000 0.0000
