0.6823 0.3177 0.0000 0.0000 0.0000
0.0564 0.5387 0.3014 0.0000 0.1034
0.1622 0.1503 0.1135 0.0000 0.5741
1.0000 0.0000 0.0000 0.0000 0.0000
1.0000 0.0000 0.0000 0.0000 0.0000
0.3212 0.4367 0.1641 0.0000 0.0780
0.6617 0.3383 0.0000 0.0000 0.0000
0.1349 0.1811 0.2897 0.0000 0.3943
0.2725 0.1331 0.2445 0.0000 0.3499
0.3618 0.3132 0.3251 0.0000 0.0000
0.0742 0.4139 0.1497 0.0000 0.3622
0.4794 0.2483 0.1693 0.0000 0.1030
1.0000 0.0000 0.0000 0.0000 0.0000
1.0000 0.0000 0.0000 0.0000 0.0000
0.5220 0.4780 0.0000 0.0000 0.0000
0.3209 0.1019 0.3751 0.0000 0.2021
1.0000 0.0000 0.0000 0.0000 0.0000
0.6834 0.0943 0.1387 0.0000 0.0837
0.6039 0.3961 0.0000 0.0000 0.0000
0.3153 0.6847 0.0000 0.0000 0.0000
0.5154 0.4846 0.0000 0.0000 0.0000
0.4530 0.4742 0.0728 0.0000 0.0000
0.6542 0.2520 0.0000 0.0939 0.0000
0.0713 0.7028 0.0530 0.0000 0.1729
0.2613 0.4223 0.3164 0.0000 0.0000
0.1120 0.2769 0.6111 0.0000 0.0000
0.6825 0.3175 0.0000 0.0000 0.0000
0.5429 0.4571 0.0000 0.0000 0.0000
0.2673 0.3719 0.2791 0.0000 0.0818
0.4713 0.3792 0.1495 0.0000 0.0000
0.1211 0.5162 0.0610 0.0000 0.3017
0.1535 0.1302 0.1909 0.0000 0.5253
0.4507 0.2283 0.3210 0.0000 0.0000
0.0694 0.3568 0.0000 0.5738 0.0000
0.4716 0.5284 0.0000 0.0000 0.0000
1.0000 0.0000 0.0000 0.0000 0.0000
0.0742 0.9258 0.0000 0.0000 0.0000
0.4378 0.2207 0.0000 0.3415 0.0000
0.4630 0.1855 0.3515 0.0000 0.0000
1.0000 0.0000 0.0000 0.0000 0.0000
1.0000 0.0000 0.0000 0.0000 0.0000
0.3834 0.1097 0.1448 0.0000 0.3620
0.1217 0.1997 0.6786 0.0000 0.0000
0.2401 0.4854 0.0000 0.2746 0.0000
0.4022 0.1717 0.4261 0.0000 0.0000
0.1913 0.5196 0.2891 0.0000 0.0000
1.0000 0.0000 0.0000 0.0000 0.0000
1.0000 0.0000 0.0000 0.0000 0.0000
0.3865 0.4050 0.2085 0.0000 0.0000
1.0000 0.0000 0.0000 0.0000 0.0000
0.4730 0.5270 0.0000 0.0000 0.0000
1.0000 0.0000 0.0000 0.0000 0.0000
0.2275 0.2185 0.3896 0.0000 0.1644
0.7885 0.2115 0.0000 0.0000 0.0000
0.4535 0.1460 0.4005 0.0000 0.0000
0.2017 0.4719 0.0000 0.3264 0.0000
0.5016 0.2758 0.2227 0.0000 0.0000
0.1496 0.2192 0.0000 0.6312 0.0000
0.0844 0.2014 0.7142 0.0000 0.0000
1.0000 0.0000 0.0000 0.0000 0.0000
0.3645 0.6355 0.0000 0.0000 0.0000
0.0662 0.9338 0.0000 0.0000 0.0000
0.2590 0.5873 0.1537 0.0000 0.0000
0.1219 0.6736 0.1165 0.0000 0.0881
0.4687 0.4742 0.0000 0.0570 0.0000
0.1910 0.8090 0.0000 0.0000 0.0000
1.0000 0.0000 0.0000 0.0000 0.0000
1.0000 0.0000 0.0000 0.0000 0.0000
0.7225 0.2775 0.0000 0.0000 0.0000
0.8489 0.1511 0.0000 0.0000 0.0000
0.4345 0.3089 0.0000 0.2566 0.0000
0.3099 0.4543 0.0000 0.2358 0.0000
0.0841 0.0779 0.8379 0.0000 0.0000
0.2529 0.1065 0.0000 0.6405 0.0000
1.0000 0.0000 0.0000 0.0000 0.0000
0.1453 0.2828 0.5720 0.0000 0.0000
0.0617 0.3297 0.1449 0.0000 0.4637
0.1728 0.7313 0.0960 0.0000 0.0000
0.0599 0.1063 0.8338 0.0000 0.0000
0.6221 0.3779 0.0000 0.0000 0.0000
0.3270 0.1786 0.4944 0.0000 0.0000
0.9161 0.0839 0.0000 0.0000 0.0000
0.2757 0.6438 0.0000 0.0805 0.0000
0.3351 0.6649 0.0000 0.0000 0.0000
0.3254 0.1260 0.5486 0.0000 0.0000
0.1304 0.6358 0.2338 0.0000 0.0000
0.4870 0.0831 0.2670 0.0000 0.1629
0.1811 0.3508 0.0000 0.4681 0.0000
1.0000 0.0000 0.0000 0.0000 0.0000
0.2687 0.1434 0.0000 0.5879 0.0000
0.2915 0.6015 0.0000 0.1070 0.0000
0.3831 0.1233 0.4936 0.0000 0.0000
0.6917 0.3083 0.0000 0.0000 0.0000
0.2274 0.2670 0.3544 0.0000 0.1512
0.5599 0.4401 0.0000 0.0000 0.0000
0.2772 0.7228 0.0000 0.0000 0.0000
1.0000 0.0000 0.0000 0.0000 0.0000
0.7895 0.1329 0.0000 0.0776 0.0000
0.3265 0.2548 0.4187 0.0000 0.0000
0.0633 0.4662 0.1155 0.0000 0.3551
