0.1367 0.2888 0.3389 0.0000 0.2356 0.0000 0.0000 0.0000 0.0000 0.0000
0.1364 0.1425 0.0000 0.0577 0.0000 0.2633 0.0000 0.4001 0.0000 0.0000
0.3644 0.2768 0.0000 0.0000 0.0000 0.0000 0.3588 0.0000 0.0000 0.0000
0.0694 0.0644 0.0000 0.3165 0.0000 0.2309 0.0000 0.2223 0.0000 0.0965
0.3484 0.4737 0.0000 0.0000 0.0000 0.0000 0.0000 0.1780 0.0000 0.0000
0.4970 0.2541 0.1196 0.0000 0.1294 0.0000 0.0000 0.0000 0.0000 0.0000
0.2725 0.1331 0.0000 0.3499 0.0000 0.0000 0.0000 0.2445 0.0000 0.0000
0.3618 0.3132 0.0000 0.0000 0.0000 0.0000 0.3251 0.0000 0.0000 0.0000
0.1690 0.3370 0.0000 0.0590 0.0000 0.1538 0.0000 0.2812 0.0000 0.0000
0.1054 0.4287 0.0000 0.1389 0.0000 0.1307 0.0000 0.1363 0.0000 0.0600
0.7763 0.1102 0.0000 0.0000 0.0000 0.0000 0.1135 0.0000 0.0000 0.0000
0.3866 0.1576 0.0000 0.1220 0.0000 0.2174 0.0000 0.0632 0.0000 0.0532
0.5075 0.3808 0.1116 0.0000 0.0000 0.0000 0.0000 0.0000 0.0000 0.0000
0.4713 0.3792 0.0000 0.0000 0.0000 0.0000 0.1495 0.0000 0.0000 0.0000
0.1255 0.4771 0.0000 0.1875 0.0000 0.0000 0.0000 0.1547 0.0552 0.0000
0.3778 0.0638 0.0000 0.1949 0.0000 0.0000 0.0000 0.3636 0.0000 0.0000
0.1388 0.7202 0.0000 0.0000 0.0000 0.0000 0.1410 0.0000 0.0000 0.0000
0.1368 0.5204 0.0000 0.0000 0.0000 0.0000 0.0000 0.3427 0.0000 0.0000
0.1212 0.2288 0.0000 0.4171 0.0000 0.1542 0.0000 0.0787 0.0000 0.0000
0.0742 0.9258 0.0000 0.0000 0.0000 0.0000 0.0000 0.0000 0.0000 0.0000
0.0556 0.2772 0.0000 0.1359 0.0000 0.3321 0.0000 0.1018 0.0000 0.0973
0.1906 0.3853 0.0000 0.2062 0.0000 0.0000 0.0000 0.2180 0.0000 0.0000
0.5565 0.2304 0.0000 0.0000 0.0000 0.0000 0.0000 0.2131 0.0000 0.0000
0.0827 0.1736 0.0000 0.4960 0.0000 0.0000 0.0000 0.2477 0.0000 0.0000
0.0806 0.0774 0.0000 0.1380 0.0000 0.0582 0.0000 0.0502 0.0000 0.5956
0.0764 0.0540 0.0000 0.1626 0.0000 0.3403 0.0000 0.2854 0.0000 0.0814
0.3654 0.2951 0.0000 0.1361 0.0000 0.0000 0.0000 0.2034 0.0000 0.0000
1.0000 0.0000 0.0000 0.0000 0.0000 0.0000 0.0000 0.0000 0.0000 0.0000
0.0844 0.2014 0.0000 0.0000 0.0000 0.0000 0.7142 0.0000 0.0000 0.0000
1.0000 0.0000 0.0000 0.0000 0.0000 0.0000 0.0000 0.0000 0.0000 0.0000
0.3645 0.6355 0.0000 0.0000 0.0000 0.0000 0.0000 0.0000 0.0000 0.0000
0.2229 0.0856 0.5688 0.0000 0.1227 0.0000 0.0000 0.0000 0.0000 0.0000
0.0998 0.1934 0.0000 0.2581 0.0000 0.0624 0.0000 0.2578 0.0000 0.1286
0.0985 0.4039 0.0000 0.0000 0.0000 0.0000 0.0000 0.4976 0.0000 0.0000
1.0000 0.0000 0.0000 0.0000 0.0000 0.0000 0.0000 0.0000 0.0000 0.0000
0.0846 0.1672 0.0000 0.6228 0.0000 0.0718 0.0000 0.0536 0.0000 0.0000
0.5434 0.1984 0.0000 0.0000 0.0000 0.0000 0.0000 0.2581 0.0000 0.0000
0.3905 0.3582 0.1532 0.0000 0.0981 0.0000 0.0000 0.0000 0.0000 0.0000
0.2602 0.5236 0.0000 0.0000 0.0000 0.0000 0.0000 0.2163 0.0000 0.0000
0.2222 0.2303 0.0000 0.1309 0.0000 0.1601 0.0000 0.0623 0.0000 0.1942
0.0792 0.2307 0.0000 0.3562 0.0000 0.0000 0.0000 0.3338 0.0000 0.0000
0.4207 0.0989 0.0000 0.0664 0.0000 0.0000 0.0000 0.2147 0.1992 0.0000
0.2121 0.2050 0.0000 0.0729 0.0000 0.1175 0.0000 0.3244 0.0000 0.0682
1.0000 0.0000 0.0000 0.0000 0.0000 0.0000 0.0000 0.0000 0.0000 0.0000
0.7524 0.2476 0.0000 0.0000 0.0000 0.0000 0.0000 0.0000 0.0000 0.0000
0.0775 0.1953 0.0000 0.1152 0.0000 0.4377 0.0000 0.1743 0.0000 0.0000
0.0964 0.5607 0.0000 0.0000 0.0000 0.0000 0.0000 0.3429 0.0000 0.0000
1.0000 0.0000 0.0000 0.0000 0.0000 0.0000 0.0000 0.0000 0.0000 0.0000
1.0000 0.0000 0.0000 0.0000 0.0000 0.0000 0.0000 0.0000 0.0000 0.0000
0.0992 0.7181 0.0769 0.0000 0.1058 0.0000 0.0000 0.0000 0.0000 0.0000
