0.9432 0.0568 0.0000 0.0000 0.0000 0.0000 0.0000 0.0000 0.0000 0.0000 0.0000 0.0000 0.0000 0.0000 0.0000
0.2963 0.0602 0.0000 0.0963 0.1521 0.0711 0.0000 0.1306 0.0000 0.0000 0.0000 0.0000 0.0000 0.1157 0.0777
0.3400 0.0652 0.0000 0.0571 0.2583 0.1501 0.0000 0.0625 0.0000 0.0000 0.0000 0.0000 0.0000 0.0668 0.0000
0.2553 0.2762 0.0000 0.0900 0.1654 0.0000 0.0000 0.0000 0.0000 0.0000 0.0668 0.0000 0.0000 0.1464 0.0000
0.4495 0.0900 0.0000 0.0799 0.2434 0.0000 0.0000 0.0000 0.0000 0.0000 0.0000 0.0000 0.0000 0.1372 0.0000
0.2389 0.2482 0.1065 0.1925 0.0000 0.0000 0.0000 0.0000 0.2140 0.0000 0.0000 0.0000 0.0000 0.0000 0.0000
0.1336 0.1041 0.0000 0.1869 0.1096 0.0986 0.0000 0.0828 0.0000 0.0000 0.0000 0.0000 0.0000 0.2844 0.0000
0.7532 0.2468 0.0000 0.0000 0.0000 0.0000 0.0000 0.0000 0.0000 0.0000 0.0000 0.0000 0.0000 0.0000 0.0000
0.0988 0.0661 0.0000 0.3783 0.1682 0.2145 0.0000 0.0000 0.0000 0.0000 0.0000 0.0000 0.0000 0.0742 0.0000
0.2621 0.2453 0.0000 0.3532 0.0000 0.0000 0.0000 0.0000 0.0000 0.0000 0.0000 0.1394 0.0000 0.0000 0.0000
0.2354 0.7646 0.0000 0.0000 0.0000 0.0000 0.0000 0.0000 0.0000 0.0000 0.0000 0.0000 0.0000 0.0000 0.0000
0.9211 0.0789 0.0000 0.0000 0.0000 0.0000 0.0000 0.0000 0.0000 0.0000 0.0000 0.0000 0.0000 0.0000 0.0000
0.2757 0.0000 0.0000 0.0000 0.0000 0.0000 0.7243 0.0000 0.0000 0.0000 0.0000 0.0000 0.0000 0.0000 0.0000
1.0000 0.0000 0.0000 0.0000 0.0000 0.0000 0.0000 0.0000 0.0000 0.0000 0.0000 0.0000 0.0000 0.0000 0.0000
0.2943 0.1200 0.0000 0.0960 0.1342 0.1705 0.0000 0.0000 0.0000 0.0000 0.0000 0.0000 0.0000 0.1850 0.0000
0.4163 0.1334 0.0000 0.1510 0.0000 0.0000 0.0000 0.0000 0.0000 0.0000 0.0000 0.0000 0.0000 0.2993 0.0000
0.4808 0.2228 0.0000 0.2225 0.0000 0.0000 0.0000 0.0000 0.0000 0.0000 0.0000 0.0000 0.0000 0.0738 0.0000
0.1057 0.2011 0.0000 0.1954 0.4165 0.0000 0.0000 0.0000 0.0000 0.0000 0.0000 0.0000 0.0000 0.0813 0.0000
0.1118 0.0798 0.0000 0.4381 0.0000 0.0000 0.0000 0.0000 0.0000 0.2512 0.0000 0.0000 0.0539 0.0652 0.0000
0.1277 0.3261 0.2445 0.3017 0.0000 0.0000 0.0000 0.0000 0.0000 0.0000 0.0000 0.0000 0.0000 0.0000 0.0000
0.3686 0.0000 0.0000 0.0000 0.0000 0.0000 0.6314 0.0000 0.0000 0.0000 0.0000 0.0000 0.0000 0.0000 0.0000
0.0756 0.4293 0.2921 0.2030 0.0000 0.0000 0.0000 0.0000 0.0000 0.0000 0.0000 0.0000 0.0000 0.0000 0.0000
0.6457 0.0780 0.1866 0.0897 0.0000 0.0000 0.0000 0.0000 0.0000 0.0000 0.0000 0.0000 0.0000 0.0000 0.0000
0.0512 0.0657 0.0000 0.1718 0.0725 0.1866 0.0000 0.0665 0.0000 0.0000 0.0000 0.0000 0.0000 0.2374 0.1482
0.2003 0.1376 0.0000 0.1359 0.1042 0.0992 0.0000 0.0969 0.0000 0.0000 0.0000 0.0000 0.0000 0.1495 0.0764
0.4749 0.5251 0.0000 0.0000 0.0000 0.0000 0.0000 0.0000 0.0000 0.0000 0.0000 0.0000 0.0000 0.0000 0.0000
0.4131 0.1124 0.0000 0.1877 0.0000 0.0000 0.0000 0.0000 0.0000 0.1971 0.0000 0.0000 0.0000 0.0896 0.0000
1.0000 0.0000 0.0000 0.0000 0.0000 0.0000 0.0000 0.0000 0.0000 0.0000 0.0000 0.0000 0.0000 0.0000 0.0000
0.4170 0.2246 0.0000 0.0793 0.0998 0.1111 0.0000 0.0000 0.0000 0.0000 0.0000 0.0000 0.0000 0.0682 0.0000
0.6501 0.2888 0.0000 0.0611 0.0000 0.0000 0.0000 0.0000 0.0000 0.0000 0.0000 0.0000 0.0000 0.0000 0.0000
0.1121 0.2434 0.0000 0.0936 0.3055 0.1083 0.0000 0.0000 0.0000 0.0000 0.0000 0.0000 0.0000 0.1371 0.0000
0.2321 0.7679 0.0000 0.0000 0.0000 0.0000 0.0000 0.0000 0.0000 0.0000 0.0000 0.0000 0.0000 0.0000 0.0000
0.1224 0.2898 0.0000 0.3359 0.0000 0.0000 0.0000 0.0000 0.0000 0.0000 0.0000 0.0000 0.0000 0.2519 0.0000
0.1192 0.1914 0.0000 0.5277 0.0000 0.0000 0.0000 0.0000 0.0000 0.0000 0.0000 0.0000 0.0000 0.1617 0.0000
0.0812 0.1526 0.0000 0.1929 0.1304 0.1498 0.0000 0.1505 0.0000 0.0000 0.0000 0.0000 0.0000 0.1425 0.0000
0.4705 0.5295 0.0000 0.0000 0.0000 0.0000 0.0000 0.0000 0.0000 0.0000 0.0000 0.0000 0.0000 0.0000 0.0000
0.2288 0.2511 0.0000 0.2626 0.0000 0.0000 0.0000 0.0000 0.0000 0.0828 0.0000 0.0000 0.0000 0.1746 0.0000
0.0599 0.3353 0.0000 0.1276 0.0722 0.0576 0.0000 0.1904 0.0000 0.0000 0.0000 0.0000 0.0000 0.0823 0.0747
0.0777 0.1270 0.0000 0.3308 0.0560 0.0804 0.0000 0.1714 0.0000 0.0000 0.0000 0.0000 0.0000 0.0672 0.0896
0.2696 0.1326 0.0903 0.1424 0.0000 0.0000 0.0000 0.0000 0.3651 0.0000 0.0000 0.0000 0.0000 0.0000 0.0000
0.1617 0.4068 0.2616 0.1700 0.0000 0.0000 0.0000 0.0000 0.0000 0.0000 0.0000 0.0000 0.0000 0.0000 0.0000
0.6582 0.0000 0.0000 0.0000 0.0000 0.0000 0.3418 0.0000 0.0000 0.0000 0.0000 0.0000 0.0000 0.0000 0.0000
0.1691 0.5925 0.0728 0.1656 0.0000 0.0000 0.0000 0.0000 0.0000 0.0000 0.0000 0.0000 0.0000 0.0000 0.0000
0.4857 0.0723 0.0000 0.1664 0.0000 0.0000 0.0000 0.0000 0.0000 0.0000 0.0000 0.0000 0.0000 0.2756 0.0000
0.4594 0.0549 0.0000 0.3023 0.0731 0.0000 0.0000 0.0000 0.0000 0.0000 0.0000 0.0000 0.0000 0.1103 0.0000
0.0516 0.9484 0.0000 0.0000 0.0000 0.0000 0.0000 0.0000 0.0000 0.0000 0.0000 0.0000 0.0000 0.0000 0.0000
0.3546 0.5061 0.0000 0.1393 0.0000 0.0000 0.0000 0.0000 0.0000 0.0000 0.0000 0.0000 0.0000 0.0000 0.0000
0.1052 0.0702 0.0000 0.8246 0.0000 0.0000 0.0000 0.0000 0.0000 0.0000 0.0000 0.0000 0.0000 0.0000 0.0000
0.1121 0.4206 0.0000 0.2012 0.0000 0.0000 0.0000 0.0000 0.0000 0.1707 0.0000 0.0000 0.0000 0.0954 0.0000
0.1326 0.1120 0.0000 0.0547 0.4514 0.0618 0.0000 0.0548 0.0000 0.0000 0.0000 0.0000 0.0000 0.1328 0.0000
