0.1348 0.4142 0.2674 0.1836 0.0000
0.3041 0.2414 0.2406 0.0000 0.2139
0.5986 0.0685 0.1654 0.1675 0.0000
1.0000 0.0000 0.0000 0.0000 0.0000
0.7244 0.2756 0.0000 0.0000 0.0000
1.0000 0.0000 0.0000 0.0000 0.0000
0.3322 0.5546 0.1132 0.0000 0.0000
0.1097 0.7092 0.0933 0.0878 0.0000
0.0612 0.3697 0.2418 0.3273 0.0000
0.4937 0.5063 0.0000 0.0000 0.0000
1.0000 0.0000 0.0000 0.0000 0.0000
0.3564 0.0739 0.2791 0.0000 0.2906
0.0546 0.1979 0.5285 0.0000 0.2191
0.2520 0.2648 0.2274 0.2558 0.0000
0.5355 0.4645 0.0000 0.0000 0.0000
0.5937 0.2588 0.0685 0.0000 0.0789
0.0917 0.7157 0.1268 0.0000 0.0658
0.4688 0.0763 0.2777 0.0000 0.1772
0.6504 0.3496 0.0000 0.0000 0.0000
0.6224 0.2179 0.1597 0.0000 0.0000
0.6224 0.1953 0.1822 0.0000 0.0000
1.0000 0.0000 0.0000 0.0000 0.0000
0.2244 0.4364 0.2748 0.0000 0.0644
0.2298 0.7702 0.0000 0.0000 0.0000
1.0000 0.0000 0.0000 0.0000 0.0000
0.1061 0.4034 0.0537 0.4368 0.0000
0.0644 0.1422 0.5460 0.2474 0.0000
0.0951 0.5670 0.3379 0.0000 0.0000
0.2195 0.7805 0.0000 0.0000 0.0000
0.0584 0.4430 0.1928 0.3059 0.0000
0.4246 0.1921 0.2894 0.0000 0.0939
0.2799 0.7201 0.0000 0.0000 0.0000
0.4771 0.0914 0.4315 0.0000 0.0000
0.3030 0.4914 0.0835 0.1221 0.0000
1.0000 0.0000 0.0000 0.0000 0.0000
1.0000 0.0000 0.0000 0.0000 0.0000
0.5214 0.2010 0.0597 0.0000 0.2180
0.0684 0.9316 0.0000 0.0000 0.0000
0.2630 0.2509 0.3037 0.0000 0.1823
0.3567 0.1194 0.2978 0.2261 0.0000
0.8527 0.1473 0.0000 0.0000 0.0000
0.3358 0.2580 0.2944 0.0000 0.1117
0.1064 0.8936 0.0000 0.0000 0.0000
0.0989 0.5451 0.3560 0.0000 0.0000
0.6294 0.3706 0.0000 0.0000 0.0000
0.4053 0.5947 0.0000 0.0000 0.0000
0.1606 0.8394 0.0000 0.0000 0.0000
0.5208 0.0616 0.2840 0.1336 0.0000
0.4280 0.5720 0.0000 0.0000 0.0000
0.2350 0.7650 0.0000 0.0000 0.0000
0.7988 0.1176 0.0836 0.0000 0.0000
0.5825 0.4175 0.0000 0.0000 0.0000
0.0933 0.9067 0.0000 0.0000 0.0000
0.2846 0.7154 0.0000 0.0000 0.0000
0.3192 0.2538 0.2043 0.0000 0.2227
0.0635 0.2979 0.1972 0.0000 0.4413
1.0000 0.0000 0.0000 0.0000 0.0000
0.5993 0.4007 0.0000 0.0000 0.0000
0.0685 0.0875 0.7931 0.0000 0.0510
1.0000 0.0000 0.0000 0.0000 0.0000
0.3224 0.5049 0.1112 0.0615 0.0000
1.0000 0.0000 0.0000 0.0000 0.0000
0.3667 0.3543 0.1562 0.1229 0.0000
0.0813 0.0884 0.8302 0.0000 0.0000
0.1551 0.0812 0.6481 0.1156 0.0000
0.1213 0.1633 0.5401 0.0000 0.1753
0.9381 0.0619 0.0000 0.0000 0.0000
0.9112 0.0888 0.0000 0.0000 0.0000
1.0000 0.0000 0.0000 0.0000 0.0000
0.1030 0.1639 0.5755 0.1576 0.0000
0.0873 0.3910 0.5218 0.0000 0.0000
0.2505 0.1267 0.4687 0.1542 0.0000
0.3656 0.1607 0.4737 0.0000 0.0000
0.3104 0.6896 0.0000 0.0000 0.0000
0.1414 0.8586 0.0000 0.0000 0.0000
1.0000 0.0000 0.0000 0.0000 0.0000
0.3326 0.1463 0.5211 0.0000 0.0000
0.2009 0.0837 0.6192 0.0000 0.0963
0.2085 0.2032 0.3537 0.2346 0.0000
1.0000 0.0000 0.0000 0.0000 0.0000
0.0835 0.3839 0.1322 0.0000 0.4004
0.0639 0.4648 0.1485 0.0000 0.3228
0.0537 0.1321 0.0697 0.0000 0.7444
0.7477 0.2523 0.0000 0.0000 0.0000
0.1396 0.2197 0.5022 0.1384 0.0000
0.3760 0.6240 0.0000 0.0000 0.0000
1.0000 0.0000 0.0000 0.0000 0.0000
1.0000 0.0000 0.0000 0.0000 0.0000
1.0000 0.0000 0.0000 0.0000 0.0000
0.6008 0.3992 0.0000 0.0000 0.0000
0.4617 0.5383 0.0000 0.0000 0.0000
0.3224 0.6776 0.0000 0.0000 0.0000
0.5627 0.1658 0.2716 0.0000 0.0000
1.0000 0.0000 0.0000 0.0000 0.0000
0.1269 0.2279 0.3646 0.0000 0.2806
1.0000 0.0000 0.0000 0.0000 0.0000
1.0000 0.0000 0.0000 0.0000 0.0000
0.4168 0.5109 0.0723 0.0000 0.0000
0.1155 0.1149 0.3909 0.3787 0.0000
1.0000 0.0000 0.0000 0.0000 0.0000
