0.5161 0.0000 0.0000 0.2958 0.1881
0.4513 0.0000 0.0000 0.5487 0.0000
0.1712 0.8288 0.0000 0.0000 0.0000
1.0000 0.0000 0.0000 0.0000 0.0000
0.5128 0.0000 0.0000 0.4872 0.0000
0.6188 0.0000 0.0000 0.2721 0.1092
0.0970 0.0000 0.0000 0.3818 0.5212
1.0000 0.0000 0.0000 0.0000 0.0000
0.1197 0.8803 0.0000 0.0000 0.0000
0.2749 0.7251 0.0000 0.0000 0.0000
0.7296 0.0000 0.0000 0.2704 0.0000
1.0000 0.0000 0.0000 0.0000 0.0000
0.8819 0.1181 0.0000 0.0000 0.0000
0.0659 0.9341 0.0000 0.0000 0.0000
1.0000 0.0000 0.0000 0.0000 0.0000
0.8846 0.0500 0.0654 0.0000 0.0000
0.5189 0.0000 0.0000 0.2029 0.2782
0.0518 0.5474 0.4008 0.0000 0.0000
0.6814 0.3186 0.0000 0.0000 0.0000
0.3211 0.6789 0.0000 0.0000 0.0000
0.2479 0.7521 0.0000 0.0000 0.0000
1.0000 0.0000 0.0000 0.0000 0.0000
0.2831 0.0711 0.6458 0.0000 0.0000
0.3511 0.0000 0.0000 0.1795 0.4695
1.0000 0.0000 0.0000 0.0000 0.0000
0.4715 0.0000 0.0000 0.5285 0.0000
0.4533 0.0000 0.0000 0.2847 0.2620
1.0000 0.0000 0.0000 0.0000 0.0000
1.0000 0.0000 0.0000 0.0000 0.0000
0.1644 0.7012 0.1345 0.0000 0.0000
1.0000 0.0000 0.0000 0.0000 0.0000
0.6591 0.3409 0.0000 0.0000 0.0000
0.6716 0.3284 0.0000 0.0000 0.0000
0.0558 0.4489 0.4953 0.0000 0.0000
0.4029 0.0000 0.0000 0.3054 0.2917
1.0000 0.0000 0.0000 0.0000 0.0000
0.7594 0.0000 0.0000 0.2406 0.0000
0.6311 0.0000 0.0000 0.1582 0.2106
0.4553 0.5447 0.0000 0.0000 0.0000
1.0000 0.0000 0.0000 0.0000 0.0000
0.8858 0.0000 0.0000 0.1142 0.0000
0.2096 0.0000 0.0000 0.1910 0.5994
0.3180 0.0000 0.0000 0.3634 0.3186
0.4282 0.0000 0.0000 0.1512 0.4206
1.0000 0.0000 0.0000 0.0000 0.0000
0.6583 0.2314 0.1102 0.0000 0.0000
0.2761 0.0000 0.0000 0.7239 0.0000
0.2194 0.3093 0.4713 0.0000 0.0000
0.0534 0.0000 0.0000 0.7356 0.2111
0.1808 0.8192 0.0000 0.0000 0.0000
0.4727 0.0000 0.0000 0.5273 0.0000
0.7798 0.0000 0.0000 0.2202 0.0000
0.1853 0.5949 0.2198 0.0000 0.0000
1.0000 0.0000 0.0000 0.0000 0.0000
0.8632 0.1368 0.0000 0.0000 0.0000
0.1263 0.0000 0.0000 0.3544 0.5193
0.6440 0.1935 0.1624 0.0000 0.0000
0.4223 0.0000 0.0000 0.5777 0.0000
1.0000 0.0000 0.0000 0.0000 0.0000
1.0000 0.0000 0.0000 0.0000 0.0000
0.2702 0.0000 0.0000 0.1305 0.5993
0.0763 0.5986 0.3252 0.0000 0.0000
0.3759 0.0000 0.0000 0.5684 0.0556
1.0000 0.0000 0.0000 0.0000 0.0000
1.0000 0.0000 0.0000 0.0000 0.0000
0.0606 0.1237 0.8157 0.0000 0.0000
0.7629 0.2371 0.0000 0.0000 0.0000
0.7623 0.2377 0.0000 0.0000 0.0000
0.6986 0.0000 0.0000 0.3014 0.0000
0.6490 0.0000 0.0000 0.3510 0.0000
0.2418 0.0000 0.0000 0.1104 0.6478
1.0000 0.0000 0.0000 0.0000 0.0000
0.4022 0.0635 0.5343 0.0000 0.0000
0.2272 0.0000 0.0000 0.4475 0.3252
0.7155 0.2845 0.0000 0.0000 0.0000
0.7256 0.0000 0.0000 0.1453 0.1291
0.5592 0.4408 0.0000 0.0000 0.0000
0.7345 0.0000 0.0000 0.0548 0.2107
1.0000 0.0000 0.0000 0.0000 0.0000
0.1225 0.5434 0.3342 0.0000 0.0000
0.1797 0.4272 0.3930 0.0000 0.0000
0.3024 0.0000 0.0000 0.3763 0.3213
0.4495 0.1920 0.3585 0.0000 0.0000
0.0749 0.0000 0.0000 0.9251 0.0000
0.8652 0.0000 0.0000 0.1348 0.0000
0.3361 0.0000 0.0000 0.6639 0.0000
0.4141 0.5859 0.0000 0.0000 0.0000
1.0000 0.0000 0.0000 0.0000 0.0000
0.1529 0.0000 0.0000 0.0828 0.7643
0.4912 0.3946 0.1142 0.0000 0.0000
0.2517 0.7483 0.0000 0.0000 0.0000
0.4226 0.0000 0.0000 0.5774 0.0000
0.7541 0.0000 0.0000 0.2459 0.0000
0.6304 0.0000 0.0000 0.3696 0.0000
0.3180 0.0000 0.0000 0.1906 0.4914
0.7120 0.0800 0.2080 0.0000 0.0000
1.0000 0.0000 0.0000 0.0000 0.0000
0.4879 0.5121 0.0000 0.0000 0.0000
0.1451 0.0000 0.0000 0.8549 0.0000
1.0000 0.0000 0.0000 0.0000 0.0000
