0.1809 0.2012 0.0000 0.6179 0.0000
0.4896 0.1655 0.3449 0.0000 0.0000
0.1188 0.7169 0.1643 0.0000 0.0000
1.0000 0.0000 0.0000 0.0000 0.0000
0.1477 0.2259 0.0000 0.6264 0.0000
1.0000 0.0000 0.0000 0.0000 0.0000
0.3453 0.3497 0.0000 0.0000 0.3050
1.0000 0.0000 0.0000 0.0000 0.0000
0.6995 0.2079 0.0000 0.0925 0.0000
0.3322 0.5546 0.1132 0.0000 0.0000
0.1202 0.7775 0.0000 0.1023 0.0000
0.0910 0.5495 0.0000 0.3595 0.0000
1.0000 0.0000 0.0000 0.0000 0.0000
0.3038 0.2746 0.4216 0.0000 0.0000
0.4650 0.3257 0.0000 0.2093 0.0000
0.0956 0.5376 0.0000 0.0000 0.3668
0.4899 0.5101 0.0000 0.0000 0.0000
0.0637 0.3243 0.0000 0.0000 0.6120
0.3033 0.4735 0.0000 0.2232 0.0000
0.6832 0.3168 0.0000 0.0000 0.0000
0.0664 0.4262 0.0000 0.5074 0.0000
1.0000 0.0000 0.0000 0.0000 0.0000
0.0852 0.5537 0.0000 0.0000 0.3611
0.6446 0.2810 0.0000 0.0000 0.0744
1.0000 0.0000 0.0000 0.0000 0.0000
0.7880 0.1396 0.0000 0.0724 0.0000
0.5697 0.0927 0.0000 0.0000 0.3375
1.0000 0.0000 0.0000 0.0000 0.0000
0.2193 0.7807 0.0000 0.0000 0.0000
0.6224 0.2179 0.1597 0.0000 0.0000
0.6224 0.1953 0.1822 0.0000 0.0000
1.0000 0.0000 0.0000 0.0000 0.0000
0.2786 0.2814 0.0000 0.0000 0.4400
0.3986 0.6014 0.0000 0.0000 0.0000
0.9302 0.0698 0.0000 0.0000 0.0000
0.2308 0.5814 0.1877 0.0000 0.0000
0.5627 0.3543 0.0000 0.0000 0.0830
0.2298 0.7702 0.0000 0.0000 0.0000
1.0000 0.0000 0.0000 0.0000 0.0000
0.3209 0.6248 0.0000 0.0543 0.0000
0.7095 0.2905 0.0000 0.0000 0.0000
1.0000 0.0000 0.0000 0.0000 0.0000
0.5595 0.2224 0.2181 0.0000 0.0000
1.0000 0.0000 0.0000 0.0000 0.0000
0.3327 0.4629 0.0000 0.0000 0.2043
0.5974 0.0731 0.3295 0.0000 0.0000
1.0000 0.0000 0.0000 0.0000 0.0000
0.3117 0.6883 0.0000 0.0000 0.0000
1.0000 0.0000 0.0000 0.0000 0.0000
0.0951 0.5670 0.3379 0.0000 0.0000
0.2195 0.7805 0.0000 0.0000 0.0000
0.0841 0.6382 0.0000 0.2777 0.0000
0.2179 0.5385 0.0000 0.0000 0.2436
1.0000 0.0000 0.0000 0.0000 0.0000
0.2799 0.7201 0.0000 0.0000 0.0000
0.4771 0.0914 0.4315 0.0000 0.0000
0.4342 0.2158 0.0000 0.3500 0.0000
0.1166 0.8158 0.0000 0.0000 0.0676
1.0000 0.0000 0.0000 0.0000 0.0000
0.1607 0.6058 0.0000 0.0000 0.2335
0.4967 0.4246 0.0787 0.0000 0.0000
0.5086 0.3355 0.1559 0.0000 0.0000
0.2119 0.0510 0.0000 0.7371 0.0000
0.2149 0.4858 0.2993 0.0000 0.0000
0.2382 0.2431 0.5187 0.0000 0.0000
0.1516 0.0607 0.0000 0.0000 0.7877
0.6734 0.3266 0.0000 0.0000 0.0000
1.0000 0.0000 0.0000 0.0000 0.0000
0.3189 0.4312 0.2499 0.0000 0.0000
0.2820 0.5624 0.0000 0.0000 0.1556
0.6249 0.3751 0.0000 0.0000 0.0000
0.3318 0.5006 0.0000 0.1676 0.0000
0.1571 0.2084 0.6345 0.0000 0.0000
0.2852 0.3211 0.0000 0.3937 0.0000
0.0951 0.2798 0.0000 0.0000 0.6251
1.0000 0.0000 0.0000 0.0000 0.0000
0.0989 0.5451 0.3560 0.0000 0.0000
0.6294 0.3706 0.0000 0.0000 0.0000
0.4053 0.5947 0.0000 0.0000 0.0000
0.1606 0.8394 0.0000 0.0000 0.0000
0.6011 0.0711 0.0000 0.3278 0.0000
0.4343 0.2421 0.0000 0.3236 0.0000
0.2350 0.7650 0.0000 0.0000 0.0000
0.7988 0.1176 0.0836 0.0000 0.0000
0.5825 0.4175 0.0000 0.0000 0.0000
0.0933 0.9067 0.0000 0.0000 0.0000
0.2846 0.7154 0.0000 0.0000 0.0000
0.4106 0.3265 0.0000 0.0000 0.2628
0.9494 0.0506 0.0000 0.0000 0.0000
0.0615 0.5455 0.0000 0.0000 0.3929
0.1899 0.1719 0.0000 0.6382 0.0000
1.0000 0.0000 0.0000 0.0000 0.0000
0.1137 0.5332 0.0000 0.0000 0.3530
0.5583 0.3733 0.0684 0.0000 0.0000
0.2622 0.3035 0.0000 0.0000 0.4344
1.0000 0.0000 0.0000 0.0000 0.0000
0.3436 0.5379 0.0000 0.0000 0.1185
0.4055 0.5945 0.0000 0.0000 0.0000
0.1523 0.4312 0.0000 0.4166 0.0000
0.4812 0.5188 0.0000 0.0000 0.0000
0.0813 0.0884 0.8302 0.0000 0.0000
0.7733 0.0999 0.0000 0.1268 0.0000
0.1754 0.0918 0.0000 0.7328 0.0000
0.2606 0.7394 0.0000 0.0000 0.0000
0.1308 0.0602 0.0000 0.0000 0.8090
1.0000 0.0000 0.0000 0.0000 0.0000
0.0554 0.7381 0.0000 0.2064 0.0000
0.0616 0.5022 0.4362 0.0000 0.0000
1.0000 0.0000 0.0000 0.0000 0.0000
0.5626 0.2086 0.0000 0.2287 0.0000
0.0915 0.0581 0.0000 0.8504 0.0000
0.2961 0.1498 0.0000 0.5541 0.0000
0.4053 0.5947 0.0000 0.0000 0.0000
0.3494 0.4331 0.0000 0.0000 0.2175
0.1414 0.8586 0.0000 0.0000 0.0000
1.0000 0.0000 0.0000 0.0000 0.0000
0.3326 0.1463 0.5211 0.0000 0.0000
0.1580 0.4946 0.0000 0.0000 0.3474
0.4682 0.3665 0.1652 0.0000 0.0000
1.0000 0.0000 0.0000 0.0000 0.0000
1.0000 0.0000 0.0000 0.0000 0.0000
0.2724 0.2655 0.0000 0.0000 0.4621
1.0000 0.0000 0.0000 0.0000 0.0000
0.0981 0.1799 0.0000 0.0000 0.7220
1.0000 0.0000 0.0000 0.0000 0.0000
0.2131 0.7115 0.0754 0.0000 0.0000
1.0000 0.0000 0.0000 0.0000 0.0000
0.2748 0.0877 0.0000 0.0000 0.6375
0.1894 0.5695 0.0000 0.0000 0.2411
0.5894 0.1988 0.0000 0.2118 0.0000
0.2554 0.5837 0.1609 0.0000 0.0000
0.3760 0.6240 0.0000 0.0000 0.0000
1.0000 0.0000 0.0000 0.0000 0.0000
1.0000 0.0000 0.0000 0.0000 0.0000
1.0000 0.0000 0.0000 0.0000 0.0000
0.6008 0.3992 0.0000 0.0000 0.0000
0.4617 0.5383 0.0000 0.0000 0.0000
0.3224 0.6776 0.0000 0.0000 0.0000
0.5627 0.1658 0.2716 0.0000 0.0000
1.0000 0.0000 0.0000 0.0000 0.0000
0.2932 0.2528 0.0000 0.0000 0.4540
1.0000 0.0000 0.0000 0.0000 0.0000
0.5020 0.4980 0.0000 0.0000 0.0000
0.4168 0.5109 0.0723 0.0000 0.0000
0.1859 0.1849 0.0000 0.6292 0.0000
0.1077 0.8923 0.0000 0.0000 0.0000
0.1180 0.7333 0.1488 0.0000 0.0000
0.1699 0.2766 0.0000 0.0000 0.5535
1.0000 0.0000 0.0000 0.0000 0.0000
0.4622 0.2049 0.0000 0.3329 0.0000
0.0645 0.3166 0.0000 0.6188 0.0000
0.6988 0.3012 0.0000 0.0000 0.0000
0.2107 0.7893 0.0000 0.0000 0.0000
0.2520 0.4654 0.2826 0.0000 0.0000
0.6703 0.1994 0.0000 0.1303 0.0000
0.7503 0.2497 0.0000 0.0000 0.0000
0.6987 0.3013 0.0000 0.0000 0.0000
0.0899 0.7354 0.1747 0.0000 0.0000
1.0000 0.0000 0.0000 0.0000 0.0000
0.7494 0.2506 0.0000 0.0000 0.0000
0.8848 0.1152 0.0000 0.0000 0.0000
0.1102 0.4431 0.0000 0.4467 0.0000
0.1884 0.4411 0.3705 0.0000 0.0000
0.3534 0.2134 0.0000 0.0000 0.4332
0.2137 0.6760 0.1102 0.0000 0.0000
0.3550 0.6450 0.0000 0.0000 0.0000
1.0000 0.0000 0.0000 0.0000 0.0000
0.2055 0.3291 0.4653 0.0000 0.0000
0.2236 0.6447 0.0000 0.1317 0.0000
1.0000 0.0000 0.0000 0.0000 0.0000
0.2481 0.7519 0.0000 0.0000 0.0000
0.0510 0.5938 0.3552 0.0000 0.0000
0.6839 0.0976 0.0000 0.2185 0.0000
0.1129 0.5048 0.0000 0.3824 0.0000
1.0000 0.0000 0.0000 0.0000 0.0000
0.3917 0.1067 0.5017 0.0000 0.0000
0.4340 0.5660 0.0000 0.0000 0.0000
0.0626 0.3782 0.0000 0.5591 0.0000
1.0000 0.0000 0.0000 0.0000 0.0000
0.0634 0.9366 0.0000 0.0000 0.0000
1.0000 0.0000 0.0000 0.0000 0.0000
0.5463 0.2707 0.1830 0.0000 0.0000
0.2054 0.4923 0.0000 0.0000 0.3023
0.4485 0.5515 0.0000 0.0000 0.0000
0.1757 0.4824 0.0000 0.0000 0.3418
0.9491 0.0509 0.0000 0.0000 0.0000
0.5907 0.0704 0.0000 0.3389 0.0000
1.0000 0.0000 0.0000 0.0000 0.0000
0.4292 0.2955 0.0000 0.2753 0.0000
1.0000 0.0000 0.0000 0.0000 0.0000
0.1741 0.3259 0.0000 0.0000 0.5000
0.3039 0.6961 0.0000 0.0000 0.0000
0.1991 0.3991 0.0000 0.4018 0.0000
0.2496 0.4608 0.2896 0.0000 0.0000
0.0894 0.6486 0.0000 0.0000 0.2620
1.0000 0.0000 0.0000 0.0000 0.0000
0.9366 0.0634 0.0000 0.0000 0.0000
0.0700 0.8707 0.0593 0.0000 0.0000
1.0000 0.0000 0.0000 0.0000 0.0000
0.1179 0.3030 0.0000 0.0000 0.5792
0.6375 0.1671 0.0000 0.1954 0.0000
0.1553 0.3388 0.5060 0.0000 0.0000
0.4946 0.3154 0.1900 0.0000 0.0000
0.6832 0.0686 0.2481 0.0000 0.0000
0.3503 0.6497 0.0000 0.0000 0.0000
0.0695 0.4716 0.0000 0.0000 0.4590
0.8161 0.1839 0.0000 0.0000 0.0000
0.3545 0.6455 0.0000 0.0000 0.0000
0.4197 0.1287 0.0000 0.0000 0.4516
0.1199 0.7861 0.0000 0.0940 0.0000
1.0000 0.0000 0.0000 0.0000 0.0000
0.7619 0.2381 0.0000 0.0000 0.0000
1.0000 0.0000 0.0000 0.0000 0.0000
0.2123 0.5936 0.0000 0.0000 0.1940
0.0732 0.8053 0.0000 0.0000 0.1215
0.3720 0.5613 0.0668 0.0000 0.0000
0.3661 0.4534 0.0000 0.0000 0.1805
0.1672 0.1863 0.0000 0.6465 0.0000
0.1698 0.3261 0.5041 0.0000 0.0000
0.5856 0.2620 0.0000 0.1525 0.0000
0.6218 0.3782 0.0000 0.0000 0.0000
0.2032 0.7968 0.0000 0.0000 0.0000
0.2121 0.3876 0.0000 0.0000 0.4002
0.4728 0.5272 0.0000 0.0000 0.0000
0.1955 0.4866 0.0000 0.3179 0.0000
1.0000 0.0000 0.0000 0.0000 0.0000
0.4448 0.4976 0.0000 0.0000 0.0576
1.0000 0.0000 0.0000 0.0000 0.0000
0.2951 0.4158 0.0000 0.0000 0.2891
0.6008 0.3992 0.0000 0.0000 0.0000
0.8173 0.1827 0.0000 0.0000 0.0000
0.1437 0.3132 0.0000 0.0000 0.5431
0.3012 0.3394 0.0000 0.0000 0.3594
0.7446 0.1365 0.0000 0.1189 0.0000
0.3397 0.2361 0.0000 0.4242 0.0000
0.2831 0.3971 0.3198 0.0000 0.0000
0.2014 0.3448 0.4538 0.0000 0.0000
0.5373 0.0613 0.0000 0.0000 0.4014
0.2501 0.3175 0.0000 0.4324 0.0000
0.2654 0.2121 0.0000 0.5225 0.0000
0.5825 0.2284 0.0000 0.1892 0.0000
0.1455 0.2289 0.6256 0.0000 0.0000
0.5118 0.4882 0.0000 0.0000 0.0000
1.0000 0.0000 0.0000 0.0000 0.0000
0.7511 0.2489 0.0000 0.0000 0.0000
0.1384 0.1469 0.0000 0.7147 0.0000
0.3773 0.6227 0.0000 0.0000 0.0000
0.8512 0.0916 0.0000 0.0000 0.0572
0.4194 0.2971 0.2835 0.0000 0.0000
0.3120 0.5317 0.1563 0.0000 0.0000
0.1338 0.2221 0.0000 0.6441 0.0000
1.0000 0.0000 0.0000 0.0000 0.0000
0.4085 0.3009 0.0000 0.0000 0.2906
1.0000 0.0000 0.0000 0.0000 0.0000
0.3044 0.3413 0.3543 0.0000 0.0000
0.6806 0.1988 0.0000 0.0000 0.1206
0.3750 0.2361 0.3888 0.0000 0.0000
0.0541 0.9459 0.0000 0.0000 0.0000
1.0000 0.0000 0.0000 0.0000 0.0000
0.3737 0.4763 0.1501 0.0000 0.0000
0.4664 0.4433 0.0903 0.0000 0.0000
0.0736 0.1746 0.0000 0.7518 0.0000
0.3748 0.5563 0.0000 0.0690 0.0000
1.0000 0.0000 0.0000 0.0000 0.0000
0.0858 0.2829 0.6313 0.0000 0.0000
0.6227 0.1691 0.2082 0.0000 0.0000
0.2849 0.2028 0.0000 0.0000 0.5123
0.1304 0.6981 0.1715 0.0000 0.0000
0.3566 0.1013 0.0000 0.0000 0.5421
1.0000 0.0000 0.0000 0.0000 0.0000
0.0632 0.6082 0.0000 0.0000 0.3286
0.3907 0.5007 0.0000 0.1087 0.0000
1.0000 0.0000 0.0000 0.0000 0.0000
1.0000 0.0000 0.0000 0.0000 0.0000
0.3543 0.4025 0.0000 0.0000 0.2432
1.0000 0.0000 0.0000 0.0000 0.0000
1.0000 0.0000 0.0000 0.0000 0.0000
1.0000 0.0000 0.0000 0.0000 0.0000
0.5728 0.2981 0.0000 0.1291 0.0000
0.5958 0.4042 0.0000 0.0000 0.0000
0.4799 0.1711 0.3490 0.0000 0.0000
0.3526 0.0588 0.0000 0.5886 0.0000
0.1604 0.7374 0.1022 0.0000 0.0000
0.1745 0.1890 0.6365 0.0000 0.0000
0.1417 0.7338 0.0000 0.1245 0.0000
0.3500 0.4958 0.0000 0.0000 0.1542
1.0000 0.0000 0.0000 0.0000 0.0000
0.1842 0.2085 0.0000 0.0000 0.6073
0.3720 0.2641 0.0000 0.0000 0.3639
0.0959 0.8492 0.0000 0.0549 0.0000
0.6058 0.0811 0.0000 0.3132 0.0000
1.0000 0.0000 0.0000 0.0000 0.0000
0.0673 0.6196 0.0000 0.3131 0.0000
0.1872 0.0933 0.0000 0.0000 0.7195
0.5201 0.4043 0.0755 0.0000 0.0000
1.0000 0.0000 0.0000 0.0000 0.0000
1.0000 0.0000 0.0000 0.0000 0.0000
1.0000 0.0000 0.0000 0.0000 0.0000
0.5347 0.0686 0.3967 0.0000 0.0000
0.4564 0.2835 0.2602 0.0000 0.0000
0.5782 0.1035 0.3183 0.0000 0.0000
0.6420 0.1244 0.2336 0.0000 0.0000
0.7768 0.0946 0.1286 0.0000 0.0000
0.3553 0.1582 0.4866 0.0000 0.0000
0.0509 0.2272 0.0000 0.7219 0.0000
0.0704 0.4946 0.4351 0.0000 0.0000
0.6083 0.2097 0.0000 0.1820 0.0000
0.7017 0.2323 0.0000 0.0000 0.0660
1.0000 0.0000 0.0000 0.0000 0.0000
1.0000 0.0000 0.0000 0.0000 0.0000
0.1013 0.7028 0.1959 0.0000 0.0000
0.2430 0.7570 0.0000 0.0000 0.0000
1.0000 0.0000 0.0000 0.0000 0.0000
1.0000 0.0000 0.0000 0.0000 0.0000
0.0799 0.6085 0.0000 0.3116 0.0000
0.7048 0.2057 0.0000 0.0000 0.0894
0.6350 0.2004 0.0000 0.0000 0.1645
1.0000 0.0000 0.0000 0.0000 0.0000
0.6222 0.0822 0.2956 0.0000 0.0000
0.3549 0.5947 0.0000 0.0504 0.0000
1.0000 0.0000 0.0000 0.0000 0.0000
0.1759 0.0555 0.0000 0.7686 0.0000
0.4121 0.4165 0.1714 0.0000 0.0000
0.9433 0.0567 0.0000 0.0000 0.0000
0.1373 0.1648 0.6979 0.0000 0.0000
0.5063 0.1427 0.0000 0.0000 0.3510
0.0778 0.1149 0.8073 0.0000 0.0000
0.2316 0.3263 0.0000 0.4421 0.0000
0.5689 0.2192 0.0000 0.2119 0.0000
0.0510 0.4482 0.5008 0.0000 0.0000
0.0541 0.7535 0.0000 0.0000 0.1924
0.7575 0.1321 0.1104 0.0000 0.0000
0.1935 0.8065 0.0000 0.0000 0.0000
1.0000 0.0000 0.0000 0.0000 0.0000
0.1928 0.1701 0.0000 0.0000 0.6370
1.0000 0.0000 0.0000 0.0000 0.0000
1.0000 0.0000 0.0000 0.0000 0.0000
0.1835 0.2919 0.0000 0.0000 0.5246
0.2433 0.3378 0.0000 0.4189 0.0000
1.0000 0.0000 0.0000 0.0000 0.0000
0.3816 0.2276 0.0000 0.0000 0.3908
0.2785 0.7215 0.0000 0.0000 0.0000
0.5511 0.0852 0.3637 0.0000 0.0000
0.3937 0.6063 0.0000 0.0000 0.0000
0.2304 0.6682 0.0000 0.0000 0.1013
0.1657 0.1583 0.0000 0.0000 0.6760
0.0602 0.7003 0.2396 0.0000 0.0000
0.9146 0.0854 0.0000 0.0000 0.0000
0.1062 0.8938 0.0000 0.0000 0.0000
1.0000 0.0000 0.0000 0.0000 0.0000
0.3751 0.6249 0.0000 0.0000 0.0000
0.5914 0.4086 0.0000 0.0000 0.0000
0.9299 0.0701 0.0000 0.0000 0.0000
0.3751 0.2726 0.3522 0.0000 0.0000
0.4804 0.5196 0.0000 0.0000 0.0000
1.0000 0.0000 0.0000 0.0000 0.0000
0.5470 0.3887 0.0000 0.0000 0.0644
0.6397 0.2925 0.0678 0.0000 0.0000
1.0000 0.0000 0.0000 0.0000 0.0000
0.4866 0.4185 0.0000 0.0000 0.0949
0.2671 0.7329 0.0000 0.0000 0.0000
0.1557 0.7436 0.1007 0.0000 0.0000
1.0000 0.0000 0.0000 0.0000 0.0000
0.2917 0.4959 0.0000 0.0000 0.2124
0.1787 0.5193 0.0000 0.0000 0.3021
1.0000 0.0000 0.0000 0.0000 0.0000
0.7847 0.2153 0.0000 0.0000 0.0000
1.0000 0.0000 0.0000 0.0000 0.0000
0.2934 0.5553 0.0000 0.1513 0.0000
0.1620 0.1360 0.7020 0.0000 0.0000
0.4546 0.1177 0.0000 0.0000 0.4277
0.2050 0.1599 0.0000 0.0000 0.6351
0.1275 0.5281 0.0000 0.0000 0.3444
0.3816 0.5564 0.0000 0.0000 0.0620
0.3343 0.2495 0.0000 0.4162 0.0000
0.1626 0.0959 0.0000 0.7416 0.0000
0.4427 0.4043 0.0000 0.1530 0.0000
1.0000 0.0000 0.0000 0.0000 0.0000
0.6723 0.2210 0.1067 0.0000 0.0000
0.2631 0.7369 0.0000 0.0000 0.0000
0.1617 0.8383 0.0000 0.0000 0.0000
0.4094 0.4370 0.1536 0.0000 0.0000
1.0000 0.0000 0.0000 0.0000 0.0000
0.2911 0.4165 0.0000 0.2924 0.0000
1.0000 0.0000 0.0000 0.0000 0.0000
0.3036 0.1035 0.5929 0.0000 0.0000
0.3799 0.4639 0.0000 0.0000 0.1562
0.4214 0.5786 0.0000 0.0000 0.0000
0.0826 0.6040 0.0000 0.0000 0.3133
1.0000 0.0000 0.0000 0.0000 0.0000
0.5711 0.4289 0.0000 0.0000 0.0000
0.2227 0.0961 0.0000 0.6812 0.0000
0.7269 0.0884 0.0000 0.1847 0.0000
0.4119 0.4104 0.1777 0.0000 0.0000
0.0969 0.5497 0.0000 0.3534 0.0000
0.5014 0.3658 0.0000 0.0000 0.1328
0.4435 0.3987 0.0000 0.0000 0.1578
1.0000 0.0000 0.0000 0.0000 0.0000
1.0000 0.0000 0.0000 0.0000 0.0000
0.7951 0.0975 0.0000 0.1074 0.0000
0.2065 0.4901 0.3034 0.0000 0.0000
1.0000 0.0000 0.0000 0.0000 0.0000
1.0000 0.0000 0.0000 0.0000 0.0000
0.3322 0.6678 0.0000 0.0000 0.0000
0.2006 0.1377 0.0000 0.6617 0.0000
0.3833 0.4012 0.0000 0.0000 0.2155
0.3204 0.2255 0.0000 0.0000 0.4541
0.7054 0.2946 0.0000 0.0000 0.0000
0.6688 0.0604 0.2708 0.0000 0.0000
1.0000 0.0000 0.0000 0.0000 0.0000
0.7882 0.2118 0.0000 0.0000 0.0000
1.0000 0.0000 0.0000 0.0000 0.0000
1.0000 0.0000 0.0000 0.0000 0.0000
0.5153 0.4230 0.0617 0.0000 0.0000
0.6259 0.2617 0.0000 0.0000 0.1124
0.1175 0.2520 0.0000 0.6305 0.0000
0.4286 0.3578 0.2136 0.0000 0.0000
0.0678 0.1901 0.0000 0.0000 0.7421
1.0000 0.0000 0.0000 0.0000 0.0000
0.5554 0.4446 0.0000 0.0000 0.0000
0.3247 0.2589 0.0000 0.0000 0.4164
1.0000 0.0000 0.0000 0.0000 0.0000
1.0000 0.0000 0.0000 0.0000 0.0000
0.0605 0.6613 0.2782 0.0000 0.0000
0.5351 0.3681 0.0968 0.0000 0.0000
0.5614 0.3108 0.1277 0.0000 0.0000
0.4239 0.5761 0.0000 0.0000 0.0000
0.3036 0.6964 0.0000 0.0000 0.0000
0.2380 0.5296 0.2324 0.0000 0.0000
1.0000 0.0000 0.0000 0.0000 0.0000
0.6712 0.1031 0.2257 0.0000 0.0000
0.7051 0.1048 0.0000 0.1901 0.0000
0.4809 0.5191 0.0000 0.0000 0.0000
1.0000 0.0000 0.0000 0.0000 0.0000
0.5122 0.3120 0.1758 0.0000 0.0000
1.0000 0.0000 0.0000 0.0000 0.0000
0.3788 0.4716 0.0000 0.1496 0.0000
0.2159 0.4449 0.0000 0.3392 0.0000
1.0000 0.0000 0.0000 0.0000 0.0000
0.4409 0.5591 0.0000 0.0000 0.0000
0.2877 0.5408 0.1715 0.0000 0.0000
0.4975 0.1487 0.0000 0.3539 0.0000
0.6267 0.3156 0.0000 0.0577 0.0000
1.0000 0.0000 0.0000 0.0000 0.0000
0.1793 0.8207 0.0000 0.0000 0.0000
0.3201 0.4670 0.0000 0.2129 0.0000
1.0000 0.0000 0.0000 0.0000 0.0000
1.0000 0.0000 0.0000 0.0000 0.0000
0.6770 0.2231 0.0999 0.0000 0.0000
0.5631 0.1800 0.0000 0.0000 0.2570
0.4192 0.5056 0.0752 0.0000 0.0000
0.6470 0.3026 0.0000 0.0000 0.0504
0.1728 0.5587 0.0000 0.2685 0.0000
0.0798 0.2143 0.7059 0.0000 0.0000
0.4464 0.5536 0.0000 0.0000 0.0000
1.0000 0.0000 0.0000 0.0000 0.0000
1.0000 0.0000 0.0000 0.0000 0.0000
0.2668 0.1186 0.0000 0.0000 0.6146
0.7163 0.1495 0.0000 0.0000 0.1341
0.0574 0.9426 0.0000 0.0000 0.0000
0.0904 0.3302 0.5794 0.0000 0.0000
0.6260 0.2612 0.0000 0.0000 0.1128
0.9335 0.0665 0.0000 0.0000 0.0000
0.5597 0.4403 0.0000 0.0000 0.0000
0.8158 0.1842 0.0000 0.0000 0.0000
0.3636 0.5377 0.0000 0.0987 0.0000
0.3193 0.5873 0.0000 0.0000 0.0934
0.7507 0.1715 0.0000 0.0778 0.0000
0.4448 0.3762 0.1790 0.0000 0.0000
1.0000 0.0000 0.0000 0.0000 0.0000
0.0577 0.6152 0.3271 0.0000 0.0000
0.3733 0.5583 0.0684 0.0000 0.0000
1.0000 0.0000 0.0000 0.0000 0.0000
0.2145 0.6103 0.1752 0.0000 0.0000
0.3110 0.2136 0.0000 0.0000 0.4754
1.0000 0.0000 0.0000 0.0000 0.0000
0.6500 0.1197 0.2303 0.0000 0.0000
1.0000 0.0000 0.0000 0.0000 0.0000
1.0000 0.0000 0.0000 0.0000 0.0000
1.0000 0.0000 0.0000 0.0000 0.0000
0.8676 0.1324 0.0000 0.0000 0.0000
0.3305 0.2126 0.0000 0.0000 0.4569
0.5722 0.3217 0.0000 0.1061 0.0000
0.2742 0.7258 0.0000 0.0000 0.0000
0.9208 0.0792 0.0000 0.0000 0.0000
0.0916 0.3745 0.0000 0.5340 0.0000
0.8939 0.1061 0.0000 0.0000 0.0000
0.5672 0.2797 0.1531 0.0000 0.0000
0.4818 0.4436 0.0000 0.0746 0.0000
0.6133 0.1880 0.0000 0.0000 0.1987
0.1247 0.8753 0.0000 0.0000 0.0000
0.7384 0.1409 0.0000 0.1207 0.0000
0.4426 0.2783 0.0000 0.2792 0.0000
0.9372 0.0628 0.0000 0.0000 0.0000
0.4786 0.5214 0.0000 0.0000 0.0000
0.3481 0.5081 0.0000 0.0000 0.1438
1.0000 0.0000 0.0000 0.0000 0.0000
1.0000 0.0000 0.0000 0.0000 0.0000
0.1256 0.4786 0.0000 0.0000 0.3958
0.0737 0.6682 0.0000 0.0000 0.2581
