0.3116 0.0892 0.1146 0.0000 0.0000 0.0000 0.0000 0.0000 0.4846 0.0000
0.5456 0.0505 0.0000 0.0000 0.4039 0.0000 0.0000 0.0000 0.0000 0.0000
0.0884 0.0000 0.0000 0.0000 0.0000 0.6163 0.0000 0.2954 0.0000 0.0000
0.3850 0.0000 0.0000 0.0000 0.0000 0.2455 0.0000 0.0000 0.0000 0.3695
0.2056 0.1475 0.2692 0.0000 0.0000 0.0000 0.2543 0.0000 0.1233 0.0000
0.0891 0.0000 0.0000 0.0000 0.0000 0.9109 0.0000 0.0000 0.0000 0.0000
0.5764 0.0000 0.0000 0.0000 0.0000 0.1392 0.0000 0.2844 0.0000 0.0000
1.0000 0.0000 0.0000 0.0000 0.0000 0.0000 0.0000 0.0000 0.0000 0.0000
0.2607 0.0000 0.0000 0.0000 0.0000 0.7393 0.0000 0.0000 0.0000 0.0000
0.1097 0.5356 0.1434 0.0000 0.0000 0.0000 0.0000 0.0000 0.2114 0.0000
1.0000 0.0000 0.0000 0.0000 0.0000 0.0000 0.0000 0.0000 0.0000 0.0000
0.2698 0.1747 0.3878 0.0000 0.0000 0.0000 0.0000 0.0000 0.1677 0.0000
0.5663 0.2526 0.1811 0.0000 0.0000 0.0000 0.0000 0.0000 0.0000 0.0000
0.2399 0.1891 0.0000 0.0000 0.5710 0.0000 0.0000 0.0000 0.0000 0.0000
1.0000 0.0000 0.0000 0.0000 0.0000 0.0000 0.0000 0.0000 0.0000 0.0000
1.0000 0.0000 0.0000 0.0000 0.0000 0.0000 0.0000 0.0000 0.0000 0.0000
0.3895 0.0740 0.0000 0.5366 0.0000 0.0000 0.0000 0.0000 0.0000 0.0000
0.1072 0.4606 0.0000 0.4322 0.0000 0.0000 0.0000 0.0000 0.0000 0.0000
1.0000 0.0000 0.0000 0.0000 0.0000 0.0000 0.0000 0.0000 0.0000 0.0000
0.7507 0.1540 0.0953 0.0000 0.0000 0.0000 0.0000 0.0000 0.0000 0.0000
0.2355 0.0000 0.0000 0.0000 0.0000 0.2285 0.0000 0.5360 0.0000 0.0000
0.4972 0.0000 0.0000 0.0000 0.0000 0.5028 0.0000 0.0000 0.0000 0.0000
0.2041 0.0000 0.0000 0.0000 0.0000 0.6317 0.0000 0.1642 0.0000 0.0000
0.5446 0.3745 0.0000 0.0809 0.0000 0.0000 0.0000 0.0000 0.0000 0.0000
0.2433 0.5644 0.0000 0.0000 0.1923 0.0000 0.0000 0.0000 0.0000 0.0000
0.2246 0.0000 0.0000 0.0000 0.0000 0.3302 0.0000 0.4453 0.0000 0.0000
0.4447 0.4906 0.0000 0.0648 0.0000 0.0000 0.0000 0.0000 0.0000 0.0000
0.2880 0.2693 0.0000 0.4428 0.0000 0.0000 0.0000 0.0000 0.0000 0.0000
0.5279 0.0000 0.0000 0.0000 0.0000 0.0643 0.0000 0.0000 0.0000 0.4079
0.2281 0.2506 0.0000 0.0000 0.5212 0.0000 0.0000 0.0000 0.0000 0.0000
0.1890 0.0961 0.0000 0.7149 0.0000 0.0000 0.0000 0.0000 0.0000 0.0000
0.2235 0.0000 0.0000 0.0000 0.0000 0.7765 0.0000 0.0000 0.0000 0.0000
0.8167 0.0000 0.0000 0.0000 0.0000 0.1833 0.0000 0.0000 0.0000 0.0000
1.0000 0.0000 0.0000 0.0000 0.0000 0.0000 0.0000 0.0000 0.0000 0.0000
0.5572 0.0000 0.0000 0.0000 0.0000 0.2446 0.0000 0.1982 0.0000 0.0000
0.7909 0.2091 0.0000 0.0000 0.0000 0.0000 0.0000 0.0000 0.0000 0.0000
0.2732 0.1953 0.1901 0.0000 0.0000 0.0000 0.0000 0.0000 0.3415 0.0000
0.3232 0.4838 0.0000 0.1929 0.0000 0.0000 0.0000 0.0000 0.0000 0.0000
0.1145 0.1994 0.3156 0.0000 0.0000 0.0000 0.1714 0.0000 0.1991 0.0000
0.2386 0.0000 0.0000 0.0000 0.0000 0.6782 0.0000 0.0832 0.0000 0.0000
0.4343 0.0573 0.0000 0.5084 0.0000 0.0000 0.0000 0.0000 0.0000 0.0000
0.4346 0.0000 0.0000 0.0000 0.0000 0.3194 0.0000 0.0000 0.0000 0.2460
1.0000 0.0000 0.0000 0.0000 0.0000 0.0000 0.0000 0.0000 0.0000 0.0000
0.8770 0.0000 0.0000 0.0000 0.0000 0.1230 0.0000 0.0000 0.0000 0.0000
0.3675 0.1825 0.0516 0.0000 0.0000 0.0000 0.0882 0.0000 0.3102 0.0000
0.1357 0.0721 0.3080 0.0000 0.0000 0.0000 0.2347 0.0000 0.2495 0.0000
0.0914 0.6942 0.2144 0.0000 0.0000 0.0000 0.0000 0.0000 0.0000 0.0000
0.3521 0.0000 0.0000 0.0000 0.0000 0.0828 0.0000 0.5652 0.0000 0.0000
0.2465 0.0000 0.0000 0.0000 0.0000 0.0744 0.0000 0.0000 0.0000 0.6790
0.5835 0.4165 0.0000 0.0000 0.0000 0.0000 0.0000 0.0000 0.0000 0.0000
0.4252 0.5748 0.0000 0.0000 0.0000 0.0000 0.0000 0.0000 0.0000 0.0000
0.5438 0.2835 0.0000 0.0000 0.1728 0.0000 0.0000 0.0000 0.0000 0.0000
0.3148 0.0000 0.0000 0.0000 0.0000 0.6852 0.0000 0.0000 0.0000 0.0000
0.1067 0.1864 0.1669 0.0000 0.0000 0.0000 0.0549 0.0000 0.4851 0.0000
0.3219 0.1960 0.2810 0.0000 0.0000 0.0000 0.0000 0.0000 0.2011 0.0000
0.3184 0.3356 0.3460 0.0000 0.0000 0.0000 0.0000 0.0000 0.0000 0.0000
0.5462 0.1096 0.3441 0.0000 0.0000 0.0000 0.0000 0.0000 0.0000 0.0000
0.3672 0.5452 0.0000 0.0000 0.0876 0.0000 0.0000 0.0000 0.0000 0.0000
0.1952 0.3322 0.0667 0.0000 0.0000 0.0000 0.3466 0.0000 0.0593 0.0000
0.2158 0.5001 0.2841 0.0000 0.0000 0.0000 0.0000 0.0000 0.0000 0.0000
0.5667 0.0000 0.0000 0.0000 0.0000 0.3749 0.0000 0.0000 0.0000 0.0584
0.6798 0.0000 0.0000 0.0000 0.0000 0.3202 0.0000 0.0000 0.0000 0.0000
0.2515 0.6761 0.0000 0.0000 0.0724 0.0000 0.0000 0.0000 0.0000 0.0000
0.4061 0.2136 0.3804 0.0000 0.0000 0.0000 0.0000 0.0000 0.0000 0.0000
0.1943 0.5463 0.2594 0.0000 0.0000 0.0000 0.0000 0.0000 0.0000 0.0000
1.0000 0.0000 0.0000 0.0000 0.0000 0.0000 0.0000 0.0000 0.0000 0.0000
0.2148 0.0612 0.5040 0.0000 0.0000 0.0000 0.1027 0.0000 0.1174 0.0000
0.3331 0.2546 0.4123 0.0000 0.0000 0.0000 0.0000 0.0000 0.0000 0.0000
0.6576 0.0000 0.0000 0.0000 0.0000 0.0507 0.0000 0.0000 0.0000 0.2917
0.2121 0.0000 0.0000 0.0000 0.0000 0.7879 0.0000 0.0000 0.0000 0.0000
0.1455 0.2297 0.0000 0.0000 0.6248 0.0000 0.0000 0.0000 0.0000 0.0000
1.0000 0.0000 0.0000 0.0000 0.0000 0.0000 0.0000 0.0000 0.0000 0.0000
0.4267 0.1771 0.2955 0.0000 0.0000 0.0000 0.0000 0.0000 0.1007 0.0000
0.6191 0.0000 0.0000 0.0000 0.0000 0.1909 0.0000 0.1900 0.0000 0.0000
0.2658 0.6478 0.0000 0.0864 0.0000 0.0000 0.0000 0.0000 0.0000 0.0000
1.0000 0.0000 0.0000 0.0000 0.0000 0.0000 0.0000 0.0000 0.0000 0.0000
0.3126 0.0000 0.0000 0.0000 0.0000 0.6246 0.0000 0.0627 0.0000 0.0000
0.4601 0.0000 0.0000 0.0000 0.0000 0.5399 0.0000 0.0000 0.0000 0.0000
0.0947 0.0000 0.0000 0.0000 0.0000 0.4374 0.0000 0.0000 0.0000 0.4678
0.1065 0.4402 0.2483 0.0000 0.0000 0.0000 0.1247 0.0000 0.0802 0.0000
0.3401 0.0000 0.0000 0.0000 0.0000 0.6599 0.0000 0.0000 0.0000 0.0000
0.2762 0.0580 0.0000 0.6658 0.0000 0.0000 0.0000 0.0000 0.0000 0.0000
0.6520 0.2685 0.0000 0.0795 0.0000 0.0000 0.0000 0.0000 0.0000 0.0000
0.8532 0.1468 0.0000 0.0000 0.0000 0.0000 0.0000 0.0000 0.0000 0.0000
0.1393 0.0000 0.0000 0.0000 0.0000 0.8079 0.0000 0.0528 0.0000 0.0000
1.0000 0.0000 0.0000 0.0000 0.0000 0.0000 0.0000 0.0000 0.0000 0.0000
0.2894 0.3974 0.3133 0.0000 0.0000 0.0000 0.0000 0.0000 0.0000 0.0000
0.0823 0.1546 0.0000 0.0000 0.7631 0.0000 0.0000 0.0000 0.0000 0.0000
0.0900 0.9100 0.0000 0.0000 0.0000 0.0000 0.0000 0.0000 0.0000 0.0000
0.2174 0.0608 0.4483 0.0000 0.0000 0.0000 0.0000 0.0000 0.2735 0.0000
0.2637 0.0000 0.0000 0.0000 0.0000 0.1049 0.0000 0.6314 0.0000 0.0000
0.5357 0.0000 0.0000 0.0000 0.0000 0.4643 0.0000 0.0000 0.0000 0.0000
0.1400 0.5800 0.0000 0.0000 0.2800 0.0000 0.0000 0.0000 0.0000 0.0000
0.3583 0.0000 0.0000 0.0000 0.0000 0.5438 0.0000 0.0000 0.0000 0.0979
1.0000 0.0000 0.0000 0.0000 0.0000 0.0000 0.0000 0.0000 0.0000 0.0000
0.2874 0.2946 0.0000 0.4179 0.0000 0.0000 0.0000 0.0000 0.0000 0.0000
0.0614 0.3526 0.0797 0.0000 0.0000 0.0000 0.2634 0.0000 0.2429 0.0000
0.0900 0.0000 0.0000 0.0000 0.0000 0.6538 0.0000 0.0000 0.0000 0.2562
0.2079 0.0000 0.0000 0.0000 0.0000 0.4107 0.0000 0.0000 0.0000 0.3814
0.2674 0.5527 0.1206 0.0000 0.0000 0.0000 0.0000 0.0000 0.0593 0.0000
