0.1567 0.0946 0.3846 0.0000 0.1223 0.1246 0.1172 0.0000 0.0000 0.0000
0.0581 0.4854 0.0000 0.0000 0.0000 0.0000 0.4565 0.0000 0.0000 0.0000
0.5430 0.2023 0.0000 0.0000 0.0000 0.0000 0.0000 0.0642 0.0000 0.1905
0.1858 0.2250 0.0000 0.0000 0.0000 0.0000 0.0000 0.2361 0.0528 0.3003
0.1241 0.4304 0.0000 0.0000 0.0000 0.0000 0.0000 0.2002 0.0000 0.2452
0.3007 0.1074 0.0911 0.0000 0.0000 0.3674 0.1335 0.0000 0.0000 0.0000
0.4507 0.2283 0.0000 0.0000 0.0000 0.0000 0.3210 0.0000 0.0000 0.0000
0.0694 0.3568 0.0000 0.0000 0.0000 0.0000 0.0000 0.5738 0.0000 0.0000
0.1212 0.2288 0.4171 0.0000 0.0000 0.1542 0.0787 0.0000 0.0000 0.0000
0.0742 0.9258 0.0000 0.0000 0.0000 0.0000 0.0000 0.0000 0.0000 0.0000
0.1536 0.4743 0.0000 0.0000 0.0000 0.0000 0.0000 0.0502 0.0000 0.3219
0.0812 0.1117 0.0000 0.5525 0.0000 0.0000 0.0000 0.2546 0.0000 0.0000
0.2037 0.4978 0.1459 0.0000 0.0000 0.0000 0.1527 0.0000 0.0000 0.0000
0.1906 0.3853 0.0000 0.2062 0.0000 0.0000 0.0000 0.2180 0.0000 0.0000
0.5565 0.2304 0.0000 0.0000 0.0000 0.0000 0.0000 0.2131 0.0000 0.0000
0.0827 0.1736 0.0000 0.4960 0.0000 0.0000 0.0000 0.2477 0.0000 0.0000
0.3087 0.2195 0.0000 0.0000 0.0000 0.0000 0.0000 0.1105 0.0000 0.3613
0.0568 0.2050 0.0000 0.0000 0.0000 0.0000 0.0000 0.2284 0.1472 0.3625
0.2571 0.1692 0.0000 0.0000 0.0000 0.0000 0.0000 0.3030 0.0000 0.2706
0.7885 0.2115 0.0000 0.0000 0.0000 0.0000 0.0000 0.0000 0.0000 0.0000
0.1206 0.0852 0.0000 0.0000 0.0000 0.0000 0.0000 0.2567 0.0000 0.5374
0.2017 0.4719 0.0000 0.0000 0.0000 0.0000 0.0000 0.3264 0.0000 0.0000
0.1827 0.1222 0.0000 0.5159 0.0000 0.0000 0.0000 0.1792 0.0000 0.0000
0.0844 0.2014 0.0000 0.0000 0.0000 0.0000 0.7142 0.0000 0.0000 0.0000
1.0000 0.0000 0.0000 0.0000 0.0000 0.0000 0.0000 0.0000 0.0000 0.0000
0.3645 0.6355 0.0000 0.0000 0.0000 0.0000 0.0000 0.0000 0.0000 0.0000
0.0869 0.0903 0.3822 0.0000 0.2395 0.0502 0.1510 0.0000 0.0000 0.0000
0.2472 0.0817 0.0000 0.0000 0.0000 0.0000 0.0000 0.1643 0.4355 0.0713
0.3254 0.1260 0.0000 0.0000 0.0000 0.0000 0.5486 0.0000 0.0000 0.0000
0.2697 0.0652 0.2694 0.0000 0.1714 0.1344 0.0899 0.0000 0.0000 0.0000
0.2506 0.2352 0.0000 0.0577 0.0000 0.0000 0.0000 0.4566 0.0000 0.0000
0.3831 0.1233 0.0000 0.0000 0.0000 0.0000 0.4936 0.0000 0.0000 0.0000
0.1909 0.1417 0.1664 0.0000 0.1860 0.2208 0.0942 0.0000 0.0000 0.0000
0.0939 0.0544 0.2079 0.0000 0.0000 0.4244 0.2193 0.0000 0.0000 0.0000
0.5215 0.4785 0.0000 0.0000 0.0000 0.0000 0.0000 0.0000 0.0000 0.0000
0.5959 0.4041 0.0000 0.0000 0.0000 0.0000 0.0000 0.0000 0.0000 0.0000
0.2454 0.7546 0.0000 0.0000 0.0000 0.0000 0.0000 0.0000 0.0000 0.0000
0.2335 0.4258 0.0704 0.0000 0.0000 0.0836 0.1867 0.0000 0.0000 0.0000
0.2890 0.0545 0.1301 0.0000 0.0000 0.0000 0.5264 0.0000 0.0000 0.0000
0.2989 0.3097 0.0000 0.2154 0.0000 0.0000 0.0000 0.1760 0.0000 0.0000
0.4799 0.1837 0.0000 0.0000 0.0000 0.0000 0.0000 0.1384 0.0000 0.1980
0.0942 0.0991 0.0000 0.0000 0.0000 0.0000 0.0000 0.0640 0.1864 0.5563
0.2249 0.1395 0.0000 0.0000 0.0000 0.0000 0.6356 0.0000 0.0000 0.0000
0.4173 0.1791 0.0000 0.0000 0.0000 0.0000 0.0000 0.4036 0.0000 0.0000
0.6620 0.2151 0.0000 0.0000 0.0000 0.0000 0.1230 0.0000 0.0000 0.0000
0.2603 0.1747 0.0000 0.0000 0.0000 0.0000 0.0000 0.5650 0.0000 0.0000
0.2224 0.1770 0.1711 0.0000 0.2707 0.0608 0.0981 0.0000 0.0000 0.0000
1.0000 0.0000 0.0000 0.0000 0.0000 0.0000 0.0000 0.0000 0.0000 0.0000
0.7524 0.2476 0.0000 0.0000 0.0000 0.0000 0.0000 0.0000 0.0000 0.0000
0.0775 0.1953 0.1152 0.0000 0.0000 0.4377 0.1743 0.0000 0.0000 0.0000
0.0964 0.5607 0.0000 0.0000 0.0000 0.0000 0.0000 0.3429 0.0000 0.0000
1.0000 0.0000 0.0000 0.0000 0.0000 0.0000 0.0000 0.0000 0.0000 0.0000
1.0000 0.0000 0.0000 0.0000 0.0000 0.0000 0.0000 0.0000 0.0000 0.0000
0.2933 0.0566 0.0770 0.0000 0.2174 0.0638 0.2919 0.0000 0.0000 0.0000
0.2716 0.3633 0.0000 0.0000 0.0000 0.0000 0.0000 0.3651 0.0000 0.0000
0.4888 0.1305 0.0000 0.0000 0.0000 0.0000 0.0000 0.3808 0.0000 0.0000
0.1945 0.7315 0.0000 0.0000 0.0000 0.0000 0.0740 0.0000 0.0000 0.0000
0.3136 0.4149 0.0000 0.1206 0.0000 0.0000 0.0000 0.1509 0.0000 0.0000
0.2754 0.0872 0.0876 0.0000 0.0000 0.1638 0.3860 0.0000 0.0000 0.0000
0.1300 0.3713 0.1254 0.0000 0.0000 0.1318 0.2415 0.0000 0.0000 0.0000
0.1156 0.5296 0.0000 0.0000 0.0000 0.0000 0.0000 0.3548 0.0000 0.0000
0.3390 0.2160 0.0000 0.0000 0.0000 0.0000 0.0000 0.1589 0.1170 0.1691
0.2773 0.1233 0.0000 0.0000 0.0000 0.0000 0.0000 0.2608 0.0000 0.3387
1.0000 0.0000 0.0000 0.0000 0.0000 0.0000 0.0000 0.0000 0.0000 0.0000
0.0617 0.2910 0.0868 0.0000 0.3933 0.0875 0.0798 0.0000 0.0000 0.0000
0.0629 0.1699 0.0554 0.0000 0.2264 0.1243 0.3611 0.0000 0.0000 0.0000
0.2678 0.0849 0.0000 0.0000 0.0000 0.0000 0.0000 0.2917 0.1240 0.2316
0.5948 0.4052 0.0000 0.0000 0.0000 0.0000 0.0000 0.0000 0.0000 0.0000
0.1755 0.6233 0.0000 0.0000 0.0000 0.0000 0.0000 0.1049 0.0000 0.0963
0.4696 0.3047 0.0000 0.0000 0.0000 0.0000 0.2258 0.0000 0.0000 0.0000
0.3011 0.1445 0.1599 0.0000 0.1089 0.0917 0.1939 0.0000 0.0000 0.0000
1.0000 0.0000 0.0000 0.0000 0.0000 0.0000 0.0000 0.0000 0.0000 0.0000
0.1948 0.3183 0.0000 0.0000 0.0000 0.0000 0.0000 0.3069 0.0000 0.1800
0.2817 0.1520 0.0000 0.0000 0.0000 0.0000 0.0000 0.5663 0.0000 0.0000
0.2030 0.2483 0.0000 0.0000 0.0000 0.0000 0.0000 0.2824 0.0756 0.1906
0.1204 0.3269 0.0000 0.0000 0.0000 0.0000 0.0000 0.5527 0.0000 0.0000
0.4644 0.2591 0.0000 0.0000 0.0000 0.0000 0.2765 0.0000 0.0000 0.0000
0.2539 0.2940 0.0000 0.0000 0.0000 0.0000 0.0000 0.0636 0.2039 0.1845
0.2788 0.2010 0.0000 0.1045 0.0000 0.0000 0.0000 0.4157 0.0000 0.0000
0.1316 0.0842 0.0000 0.0000 0.0000 0.0000 0.0000 0.4181 0.2270 0.1392
1.0000 0.0000 0.0000 0.0000 0.0000 0.0000 0.0000 0.0000 0.0000 0.0000
0.4926 0.5074 0.0000 0.0000 0.0000 0.0000 0.0000 0.0000 0.0000 0.0000
0.0694 0.2968 0.0000 0.0000 0.0000 0.0000 0.6338 0.0000 0.0000 0.0000
0.1258 0.4723 0.0000 0.0000 0.0000 0.0000 0.0000 0.0542 0.0000 0.3477
0.2870 0.5731 0.0000 0.0000 0.0000 0.0000 0.1398 0.0000 0.0000 0.0000
0.2641 0.4576 0.0000 0.0000 0.0000 0.0000 0.0000 0.1453 0.0694 0.0636
0.1481 0.3486 0.0000 0.0000 0.0000 0.0000 0.0000 0.1827 0.1182 0.2024
0.1796 0.1787 0.0000 0.0000 0.0000 0.0000 0.0000 0.2286 0.1784 0.2347
0.1851 0.4659 0.0691 0.0000 0.0000 0.1829 0.0970 0.0000 0.0000 0.0000
0.6706 0.3294 0.0000 0.0000 0.0000 0.0000 0.0000 0.0000 0.0000 0.0000
0.0922 0.1029 0.4795 0.0000 0.0000 0.2006 0.1249 0.0000 0.0000 0.0000
1.0000 0.0000 0.0000 0.0000 0.0000 0.0000 0.0000 0.0000 0.0000 0.0000
0.0678 0.2041 0.3302 0.0000 0.0000 0.1693 0.2286 0.0000 0.0000 0.0000
0.1784 0.2250 0.1511 0.0000 0.0806 0.2299 0.1351 0.0000 0.0000 0.0000
0.5382 0.1634 0.0000 0.0000 0.0000 0.0000 0.0000 0.2985 0.0000 0.0000
0.6766 0.0631 0.0000 0.1239 0.0000 0.0000 0.0000 0.1364 0.0000 0.0000
0.2608 0.3892 0.1402 0.0000 0.0000 0.0000 0.2098 0.0000 0.0000 0.0000
0.1931 0.2086 0.0000 0.0000 0.0000 0.0000 0.0000 0.1537 0.0000 0.4446
0.1482 0.1993 0.0000 0.0753 0.0000 0.0000 0.0000 0.5772 0.0000 0.0000
0.8729 0.1271 0.0000 0.0000 0.0000 0.0000 0.0000 0.0000 0.0000 0.0000
