1.0000 0.0000 0.0000 0.0000 0.0000
1.0000 0.0000 0.0000 0.0000 0.0000
0.3116 0.0892 0.0000 0.1146 0.4846
0.1009 0.7583 0.1408 0.0000 0.0000
1.0000 0.0000 0.0000 0.0000 0.0000
0.1198 0.0973 0.0000 0.3618 0.4211
1.0000 0.0000 0.0000 0.0000 0.0000
0.3540 0.6460 0.0000 0.0000 0.0000
0.1716 0.6673 0.0000 0.1611 0.0000
0.5738 0.1922 0.2340 0.0000 0.0000
0.1342 0.3804 0.0000 0.4854 0.0000
0.1102 0.2884 0.0000 0.1868 0.4146
0.1113 0.6616 0.0000 0.0948 0.1324
0.2943 0.7057 0.0000 0.0000 0.0000
0.0569 0.4126 0.0000 0.4487 0.0818
1.0000 0.0000 0.0000 0.0000 0.0000
0.7507 0.1540 0.0953 0.0000 0.0000
1.0000 0.0000 0.0000 0.0000 0.0000
0.3044 0.4294 0.0000 0.2663 0.0000
1.0000 0.0000 0.0000 0.0000 0.0000
0.5335 0.4665 0.0000 0.0000 0.0000
1.0000 0.0000 0.0000 0.0000 0.0000
0.0601 0.5569 0.3830 0.0000 0.0000
1.0000 0.0000 0.0000 0.0000 0.0000
0.5270 0.2163 0.0000 0.0525 0.2043
0.4791 0.2014 0.0000 0.3196 0.0000
1.0000 0.0000 0.0000 0.0000 0.0000
1.0000 0.0000 0.0000 0.0000 0.0000
0.5443 0.4557 0.0000 0.0000 0.0000
1.0000 0.0000 0.0000 0.0000 0.0000
0.4974 0.5026 0.0000 0.0000 0.0000
0.3823 0.0505 0.0000 0.5672 0.0000
0.3970 0.1003 0.0000 0.0685 0.4343
0.1521 0.8479 0.0000 0.0000 0.0000
0.1919 0.1830 0.6250 0.0000 0.0000
0.1185 0.8815 0.0000 0.0000 0.0000
0.1315 0.4570 0.0000 0.4115 0.0000
0.2493 0.2978 0.4530 0.0000 0.0000
0.7996 0.2004 0.0000 0.0000 0.0000
0.4940 0.1779 0.0000 0.3281 0.0000
0.4199 0.1289 0.0000 0.3057 0.1455
1.0000 0.0000 0.0000 0.0000 0.0000
0.7833 0.2167 0.0000 0.0000 0.0000
0.0523 0.8921 0.0556 0.0000 0.0000
0.4887 0.0556 0.0000 0.4556 0.0000
0.7918 0.2082 0.0000 0.0000 0.0000
1.0000 0.0000 0.0000 0.0000 0.0000
0.3167 0.5014 0.1819 0.0000 0.0000
1.0000 0.0000 0.0000 0.0000 0.0000
0.0648 0.5746 0.3607 0.0000 0.0000
1.0000 0.0000 0.0000 0.0000 0.0000
1.0000 0.0000 0.0000 0.0000 0.0000
0.7381 0.1035 0.0000 0.1584 0.0000
0.3583 0.6417 0.0000 0.0000 0.0000
0.9097 0.0903 0.0000 0.0000 0.0000
0.4412 0.4725 0.0000 0.0864 0.0000
1.0000 0.0000 0.0000 0.0000 0.0000
0.1664 0.1337 0.0000 0.4143 0.2856
0.2301 0.3654 0.4044 0.0000 0.0000
0.3195 0.4001 0.0000 0.2804 0.0000
0.1398 0.5971 0.0000 0.2631 0.0000
1.0000 0.0000 0.0000 0.0000 0.0000
1.0000 0.0000 0.0000 0.0000 0.0000
1.0000 0.0000 0.0000 0.0000 0.0000
1.0000 0.0000 0.0000 0.0000 0.0000
0.2854 0.1361 0.0000 0.2231 0.3555
0.7681 0.2319 0.0000 0.0000 0.0000
0.3124 0.3589 0.0000 0.1229 0.2059
0.1984 0.4359 0.0000 0.2272 0.1385
0.2000 0.4353 0.0000 0.3646 0.0000
1.0000 0.0000 0.0000 0.0000 0.0000
0.1453 0.1664 0.6883 0.0000 0.0000
0.4146 0.5854 0.0000 0.0000 0.0000
0.4590 0.5410 0.0000 0.0000 0.0000
0.0536 0.2919 0.6544 0.0000 0.0000
1.0000 0.0000 0.0000 0.0000 0.0000
0.1125 0.1104 0.0000 0.7771 0.0000
0.0885 0.5741 0.3374 0.0000 0.0000
0.0849 0.1495 0.0000 0.7656 0.0000
0.4608 0.2825 0.0000 0.2566 0.0000
0.5957 0.0724 0.3318 0.0000 0.0000
0.8224 0.1776 0.0000 0.0000 0.0000
0.8537 0.0668 0.0795 0.0000 0.0000
0.1491 0.1009 0.7500 0.0000 0.0000
0.5976 0.4024 0.0000 0.0000 0.0000
0.4051 0.3628 0.2321 0.0000 0.0000
0.1184 0.5253 0.3563 0.0000 0.0000
0.2848 0.2303 0.0000 0.2361 0.2488
0.1763 0.6564 0.1673 0.0000 0.0000
1.0000 0.0000 0.0000 0.0000 0.0000
1.0000 0.0000 0.0000 0.0000 0.0000
0.1673 0.4264 0.0000 0.3241 0.0822
0.0625 0.4825 0.4550 0.0000 0.0000
0.5369 0.0726 0.0000 0.1926 0.1980
0.5260 0.1429 0.0000 0.3311 0.0000
0.5513 0.4487 0.0000 0.0000 0.0000
0.6670 0.0856 0.2475 0.0000 0.0000
0.0660 0.1560 0.7780 0.0000 0.0000
0.2515 0.6761 0.0724 0.0000 0.0000
0.4061 0.2136 0.3804 0.0000 0.0000
0.1652 0.2878 0.0000 0.3941 0.1529
1.0000 0.0000 0.0000 0.0000 0.0000
0.1150 0.5101 0.0000 0.2612 0.1137
1.0000 0.0000 0.0000 0.0000 0.0000
0.7583 0.2417 0.0000 0.0000 0.0000
0.4111 0.2083 0.0000 0.3806 0.0000
0.3969 0.6031 0.0000 0.0000 0.0000
0.1711 0.4482 0.3808 0.0000 0.0000
0.4061 0.2192 0.0000 0.3747 0.0000
0.5605 0.2889 0.0000 0.1506 0.0000
0.2583 0.1416 0.0000 0.2730 0.3271
0.1754 0.2840 0.0000 0.1090 0.4316
0.2969 0.6093 0.0938 0.0000 0.0000
0.5393 0.4607 0.0000 0.0000 0.0000
0.4267 0.1771 0.0000 0.2955 0.1007
1.0000 0.0000 0.0000 0.0000 0.0000
0.2658 0.6478 0.0000 0.0864 0.0000
1.0000 0.0000 0.0000 0.0000 0.0000
1.0000 0.0000 0.0000 0.0000 0.0000
0.4896 0.2539 0.0000 0.2565 0.0000
0.4310 0.4287 0.0000 0.1403 0.0000
0.1780 0.8220 0.0000 0.0000 0.0000
0.1852 0.8148 0.0000 0.0000 0.0000
0.0719 0.1102 0.8179 0.0000 0.0000
0.2576 0.1192 0.0000 0.6231 0.0000
1.0000 0.0000 0.0000 0.0000 0.0000
0.3397 0.4413 0.2190 0.0000 0.0000
0.4487 0.3761 0.0000 0.0507 0.1244
0.8475 0.1525 0.0000 0.0000 0.0000
0.2432 0.1249 0.0000 0.1653 0.4666
1.0000 0.0000 0.0000 0.0000 0.0000
0.6393 0.3607 0.0000 0.0000 0.0000
1.0000 0.0000 0.0000 0.0000 0.0000
0.1148 0.2227 0.0000 0.6625 0.0000
0.3112 0.2503 0.4385 0.0000 0.0000
0.4356 0.0875 0.0000 0.0654 0.4115
0.2978 0.1850 0.0000 0.2749 0.2422
0.3823 0.4762 0.1415 0.0000 0.0000
0.2857 0.4630 0.2513 0.0000 0.0000
0.1934 0.2414 0.0000 0.0675 0.4977
0.0698 0.6654 0.2647 0.0000 0.0000
1.0000 0.0000 0.0000 0.0000 0.0000
1.0000 0.0000 0.0000 0.0000 0.0000
0.6559 0.3441 0.0000 0.0000 0.0000
0.5728 0.2179 0.2093 0.0000 0.0000
0.3972 0.6028 0.0000 0.0000 0.0000
0.7136 0.1414 0.0000 0.1450 0.0000
0.1373 0.3707 0.4920 0.0000 0.0000
0.1286 0.6941 0.0000 0.1773 0.0000
0.8156 0.1844 0.0000 0.0000 0.0000
0.0900 0.6538 0.0000 0.2562 0.0000
0.1372 0.6379 0.2249 0.0000 0.0000
0.2604 0.7396 0.0000 0.0000 0.0000
0.7657 0.0878 0.1464 0.0000 0.0000
0.1795 0.7144 0.0000 0.1060 0.0000
0.6029 0.1722 0.0000 0.1745 0.0503
0.2610 0.7390 0.0000 0.0000 0.0000
0.5208 0.2198 0.0000 0.2595 0.0000
0.5705 0.4295 0.0000 0.0000 0.0000
0.4933 0.2241 0.2825 0.0000 0.0000
0.0938 0.6841 0.0000 0.2221 0.0000
0.5480 0.1196 0.0000 0.0588 0.2736
0.4649 0.2723 0.2627 0.0000 0.0000
1.0000 0.0000 0.0000 0.0000 0.0000
0.2656 0.5047 0.0000 0.2298 0.0000
0.3570 0.2511 0.3920 0.0000 0.0000
0.5120 0.4166 0.0000 0.0714 0.0000
0.8626 0.1374 0.0000 0.0000 0.0000
0.2581 0.3121 0.0000 0.3742 0.0556
0.2508 0.1612 0.0000 0.5880 0.0000
0.4165 0.2316 0.3519 0.0000 0.0000
1.0000 0.0000 0.0000 0.0000 0.0000
0.8185 0.1815 0.0000 0.0000 0.0000
0.1500 0.1294 0.0000 0.7206 0.0000
0.9373 0.0627 0.0000 0.0000 0.0000
0.1504 0.5937 0.0000 0.0565 0.1994
1.0000 0.0000 0.0000 0.0000 0.0000
0.5724 0.1881 0.2395 0.0000 0.0000
0.1541 0.8459 0.0000 0.0000 0.0000
1.0000 0.0000 0.0000 0.0000 0.0000
0.3722 0.0734 0.5544 0.0000 0.0000
0.3547 0.3461 0.2992 0.0000 0.0000
0.3882 0.3144 0.2973 0.0000 0.0000
0.3957 0.6043 0.0000 0.0000 0.0000
0.3681 0.5287 0.1032 0.0000 0.0000
1.0000 0.0000 0.0000 0.0000 0.0000
0.1821 0.8179 0.0000 0.0000 0.0000
0.4601 0.5399 0.0000 0.0000 0.0000
0.0828 0.2250 0.0000 0.2255 0.4667
0.2156 0.1386 0.0000 0.2431 0.4027
0.0940 0.3263 0.0000 0.1512 0.4285
0.3178 0.6822 0.0000 0.0000 0.0000
0.0526 0.5048 0.0000 0.2336 0.2091
0.4521 0.5479 0.0000 0.0000 0.0000
0.1685 0.2062 0.0000 0.5105 0.1147
0.1343 0.3919 0.0000 0.2347 0.2390
1.0000 0.0000 0.0000 0.0000 0.0000
0.2300 0.2751 0.0000 0.4948 0.0000
0.8231 0.1102 0.0667 0.0000 0.0000
0.6142 0.1003 0.0000 0.2203 0.0652
0.7324 0.2676 0.0000 0.0000 0.0000
1.0000 0.0000 0.0000 0.0000 0.0000
0.1233 0.7625 0.0000 0.1143 0.0000
0.2161 0.6093 0.1746 0.0000 0.0000
0.3918 0.2305 0.0000 0.2058 0.1719
0.5940 0.4060 0.0000 0.0000 0.0000
0.1823 0.0808 0.0000 0.3338 0.4031
0.1480 0.7935 0.0000 0.0586 0.0000
1.0000 0.0000 0.0000 0.0000 0.0000
0.2077 0.3338 0.4586 0.0000 0.0000
0.0528 0.7578 0.0000 0.1894 0.0000
0.3291 0.5749 0.0960 0.0000 0.0000
0.2764 0.2408 0.4828 0.0000 0.0000
0.6585 0.2295 0.0000 0.1120 0.0000
0.1037 0.1939 0.0000 0.2210 0.4814
0.4782 0.5218 0.0000 0.0000 0.0000
0.8374 0.1626 0.0000 0.0000 0.0000
0.1052 0.5913 0.0000 0.3034 0.0000
1.0000 0.0000 0.0000 0.0000 0.0000
0.2435 0.7565 0.0000 0.0000 0.0000
0.1216 0.7814 0.0000 0.0970 0.0000
0.1768 0.3507 0.0000 0.4725 0.0000
0.4525 0.0694 0.0000 0.1033 0.3748
1.0000 0.0000 0.0000 0.0000 0.0000
0.2041 0.1724 0.6235 0.0000 0.0000
0.7264 0.2736 0.0000 0.0000 0.0000
0.3034 0.6966 0.0000 0.0000 0.0000
0.4341 0.0617 0.0000 0.2843 0.2199
0.6508 0.3492 0.0000 0.0000 0.0000
0.1478 0.1045 0.7478 0.0000 0.0000
0.6791 0.3209 0.0000 0.0000 0.0000
0.1926 0.6484 0.0000 0.1590 0.0000
0.1636 0.3682 0.4683 0.0000 0.0000
1.0000 0.0000 0.0000 0.0000 0.0000
0.5072 0.3322 0.1607 0.0000 0.0000
0.5031 0.3248 0.0000 0.1721 0.0000
1.0000 0.0000 0.0000 0.0000 0.0000
0.5630 0.1908 0.0000 0.2462 0.0000
1.0000 0.0000 0.0000 0.0000 0.0000
1.0000 0.0000 0.0000 0.0000 0.0000
0.3884 0.6116 0.0000 0.0000 0.0000
0.3229 0.5037 0.0000 0.1734 0.0000
0.0618 0.3105 0.0000 0.1682 0.4595
0.7677 0.2323 0.0000 0.0000 0.0000
0.3146 0.6854 0.0000 0.0000 0.0000
0.0645 0.0908 0.0000 0.0606 0.7841
0.2888 0.1475 0.5637 0.0000 0.0000
1.0000 0.0000 0.0000 0.0000 0.0000
0.1600 0.2534 0.0000 0.5278 0.0588
0.7860 0.2140 0.0000 0.0000 0.0000
0.5119 0.0952 0.0000 0.3928 0.0000
0.5534 0.3133 0.1333 0.0000 0.0000
0.5799 0.2596 0.0000 0.1604 0.0000
0.1688 0.8312 0.0000 0.0000 0.0000
0.4175 0.2087 0.0000 0.3738 0.0000
0.2181 0.0805 0.0000 0.3670 0.3344
0.4284 0.3748 0.1968 0.0000 0.0000
1.0000 0.0000 0.0000 0.0000 0.0000
0.2536 0.3283 0.4181 0.0000 0.0000
1.0000 0.0000 0.0000 0.0000 0.0000
0.2241 0.0665 0.0000 0.2836 0.4257
0.1384 0.2721 0.0000 0.5895 0.0000
0.8366 0.1634 0.0000 0.0000 0.0000
0.0515 0.2284 0.0000 0.3193 0.4007
0.1166 0.4611 0.0000 0.4223 0.0000
0.6627 0.3373 0.0000 0.0000 0.0000
0.3219 0.1027 0.0000 0.5753 0.0000
0.5707 0.1615 0.0000 0.1330 0.1349
0.7225 0.1205 0.0000 0.1570 0.0000
0.4175 0.5825 0.0000 0.0000 0.0000
0.1768 0.4180 0.4052 0.0000 0.0000
1.0000 0.0000 0.0000 0.0000 0.0000
1.0000 0.0000 0.0000 0.0000 0.0000
1.0000 0.0000 0.0000 0.0000 0.0000
0.9498 0.0502 0.0000 0.0000 0.0000
1.0000 0.0000 0.0000 0.0000 0.0000
0.7482 0.1170 0.0000 0.1348 0.0000
0.7702 0.2298 0.0000 0.0000 0.0000
0.2158 0.4158 0.3683 0.0000 0.0000
0.0507 0.7094 0.2399 0.0000 0.0000
0.3865 0.4915 0.1220 0.0000 0.0000
1.0000 0.0000 0.0000 0.0000 0.0000
0.4760 0.2115 0.0000 0.3125 0.0000
0.7709 0.0639 0.0000 0.0657 0.0995
1.0000 0.0000 0.0000 0.0000 0.0000
0.0767 0.0806 0.0000 0.6787 0.1641
0.3766 0.6234 0.0000 0.0000 0.0000
0.8735 0.1265 0.0000 0.0000 0.0000
0.3082 0.4395 0.0000 0.2523 0.0000
1.0000 0.0000 0.0000 0.0000 0.0000
0.4816 0.1167 0.4018 0.0000 0.0000
0.2785 0.4551 0.0000 0.0791 0.1873
0.3880 0.6120 0.0000 0.0000 0.0000
1.0000 0.0000 0.0000 0.0000 0.0000
0.8055 0.1945 0.0000 0.0000 0.0000
0.8211 0.1789 0.0000 0.0000 0.0000
1.0000 0.0000 0.0000 0.0000 0.0000
1.0000 0.0000 0.0000 0.0000 0.0000
1.0000 0.0000 0.0000 0.0000 0.0000
0.5724 0.3699 0.0577 0.0000 0.0000
0.1694 0.2054 0.0000 0.3143 0.3108
0.4273 0.4937 0.0000 0.0790 0.0000
0.2703 0.0990 0.0000 0.5495 0.0812
0.3132 0.6111 0.0758 0.0000 0.0000
1.0000 0.0000 0.0000 0.0000 0.0000
0.1428 0.1871 0.0000 0.6701 0.0000
0.2112 0.3424 0.0000 0.3726 0.0739
1.0000 0.0000 0.0000 0.0000 0.0000
0.1473 0.8527 0.0000 0.0000 0.0000
0.6077 0.2735 0.0000 0.1187 0.0000
0.1393 0.4685 0.0000 0.3922 0.0000
0.1770 0.5211 0.0000 0.1797 0.1221
0.4761 0.5239 0.0000 0.0000 0.0000
1.0000 0.0000 0.0000 0.0000 0.0000
0.0507 0.3754 0.0000 0.1315 0.4423
0.1869 0.6362 0.1769 0.0000 0.0000
1.0000 0.0000 0.0000 0.0000 0.0000
0.2899 0.5028 0.0000 0.0716 0.1357
0.1103 0.8382 0.0514 0.0000 0.0000
0.4464 0.3675 0.1861 0.0000 0.0000
0.3531 0.3157 0.0000 0.3312 0.0000
0.2602 0.7398 0.0000 0.0000 0.0000
0.2732 0.2435 0.4833 0.0000 0.0000
0.5379 0.4621 0.0000 0.0000 0.0000
0.1889 0.0531 0.0000 0.7580 0.0000
0.4523 0.5477 0.0000 0.0000 0.0000
0.4807 0.2960 0.0000 0.2233 0.0000
0.1181 0.7926 0.0000 0.0893 0.0000
0.1363 0.7271 0.0000 0.1366 0.0000
0.1129 0.5147 0.0000 0.3724 0.0000
0.0547 0.1947 0.0000 0.6891 0.0615
1.0000 0.0000 0.0000 0.0000 0.0000
1.0000 0.0000 0.0000 0.0000 0.0000
0.0800 0.2149 0.7051 0.0000 0.0000
0.4891 0.1056 0.4053 0.0000 0.0000
0.7969 0.2031 0.0000 0.0000 0.0000
0.3004 0.2317 0.4678 0.0000 0.0000
1.0000 0.0000 0.0000 0.0000 0.0000
0.2330 0.6829 0.0841 0.0000 0.0000
0.0784 0.5321 0.0000 0.2109 0.1787
0.1982 0.1416 0.0000 0.2979 0.3623
0.4299 0.5701 0.0000 0.0000 0.0000
0.3616 0.6384 0.0000 0.0000 0.0000
0.7054 0.2946 0.0000 0.0000 0.0000
1.0000 0.0000 0.0000 0.0000 0.0000
0.2231 0.1914 0.0000 0.5855 0.0000
0.2434 0.2089 0.0000 0.0675 0.4802
0.4087 0.1221 0.0000 0.1504 0.3187
0.4646 0.5354 0.0000 0.0000 0.0000
0.1488 0.6312 0.2200 0.0000 0.0000
0.2190 0.5358 0.2452 0.0000 0.0000
0.6139 0.2478 0.0000 0.1382 0.0000
1.0000 0.0000 0.0000 0.0000 0.0000
0.1917 0.0636 0.0000 0.4917 0.2529
1.0000 0.0000 0.0000 0.0000 0.0000
1.0000 0.0000 0.0000 0.0000 0.0000
0.4863 0.0870 0.0000 0.0665 0.3602
0.1348 0.4902 0.3750 0.0000 0.0000
1.0000 0.0000 0.0000 0.0000 0.0000
0.7367 0.2633 0.0000 0.0000 0.0000
0.7192 0.2808 0.0000 0.0000 0.0000
0.1309 0.5444 0.0000 0.3247 0.0000
0.4099 0.1222 0.4679 0.0000 0.0000
0.2816 0.2835 0.0000 0.4348 0.0000
0.2164 0.2348 0.0000 0.1307 0.4180
1.0000 0.0000 0.0000 0.0000 0.0000
1.0000 0.0000 0.0000 0.0000 0.0000
0.2276 0.4938 0.0000 0.0763 0.2023
0.2605 0.7395 0.0000 0.0000 0.0000
0.1440 0.2209 0.6351 0.0000 0.0000
0.5798 0.1815 0.0000 0.1239 0.1149
0.1387 0.4931 0.3682 0.0000 0.0000
1.0000 0.0000 0.0000 0.0000 0.0000
0.4126 0.0615 0.0000 0.5259 0.0000
1.0000 0.0000 0.0000 0.0000 0.0000
0.4267 0.2490 0.3243 0.0000 0.0000
0.1755 0.3044 0.0000 0.5201 0.0000
0.2646 0.2030 0.0000 0.1446 0.3878
0.1995 0.1984 0.0000 0.6021 0.0000
0.6033 0.3967 0.0000 0.0000 0.0000
0.7214 0.2786 0.0000 0.0000 0.0000
0.0644 0.9356 0.0000 0.0000 0.0000
1.0000 0.0000 0.0000 0.0000 0.0000
0.5700 0.4300 0.0000 0.0000 0.0000
0.3012 0.3167 0.0000 0.2240 0.1581
0.2615 0.7385 0.0000 0.0000 0.0000
0.8228 0.1772 0.0000 0.0000 0.0000
0.5015 0.1655 0.0000 0.3331 0.0000
0.0645 0.1379 0.0000 0.2363 0.5613
0.5232 0.2517 0.2252 0.0000 0.0000
0.3366 0.2966 0.3668 0.0000 0.0000
0.3931 0.2953 0.0000 0.1722 0.1394
0.5988 0.4012 0.0000 0.0000 0.0000
0.6074 0.1481 0.0000 0.2445 0.0000
0.4536 0.4323 0.1141 0.0000 0.0000
0.7624 0.1723 0.0653 0.0000 0.0000
0.4886 0.5114 0.0000 0.0000 0.0000
0.7211 0.1540 0.1249 0.0000 0.0000
1.0000 0.0000 0.0000 0.0000 0.0000
1.0000 0.0000 0.0000 0.0000 0.0000
0.4521 0.2751 0.0000 0.1668 0.1060
0.1230 0.3204 0.0000 0.5566 0.0000
0.6462 0.1111 0.0000 0.2427 0.0000
0.5515 0.4485 0.0000 0.0000 0.0000
0.4962 0.2217 0.0000 0.0784 0.2037
0.0864 0.9136 0.0000 0.0000 0.0000
0.3405 0.1549 0.0000 0.2590 0.2457
0.2575 0.4672 0.2753 0.0000 0.0000
0.0703 0.8386 0.0912 0.0000 0.0000
1.0000 0.0000 0.0000 0.0000 0.0000
0.1538 0.1843 0.0000 0.5428 0.1191
0.5371 0.0770 0.0000 0.1841 0.2019
0.2284 0.0620 0.0000 0.7096 0.0000
0.3391 0.5659 0.0950 0.0000 0.0000
0.1719 0.3675 0.0000 0.4606 0.0000
0.0617 0.2938 0.6445 0.0000 0.0000
1.0000 0.0000 0.0000 0.0000 0.0000
0.4122 0.5878 0.0000 0.0000 0.0000
0.0757 0.2878 0.0000 0.4692 0.1672
1.0000 0.0000 0.0000 0.0000 0.0000
0.1523 0.0727 0.0000 0.3338 0.4412
0.6179 0.2305 0.1517 0.0000 0.0000
1.0000 0.0000 0.0000 0.0000 0.0000
0.1144 0.0579 0.8276 0.0000 0.0000
0.1753 0.8247 0.0000 0.0000 0.0000
1.0000 0.0000 0.0000 0.0000 0.0000
1.0000 0.0000 0.0000 0.0000 0.0000
0.7990 0.0745 0.1265 0.0000 0.0000
0.5004 0.4996 0.0000 0.0000 0.0000
0.4234 0.1188 0.0000 0.1874 0.2705
0.3462 0.2813 0.0000 0.3725 0.0000
0.1813 0.2471 0.0000 0.5717 0.0000
0.3477 0.1951 0.0000 0.4572 0.0000
1.0000 0.0000 0.0000 0.0000 0.0000
1.0000 0.0000 0.0000 0.0000 0.0000
0.2135 0.0827 0.0000 0.2943 0.4096
0.3452 0.0617 0.0000 0.5931 0.0000
0.5475 0.1459 0.3066 0.0000 0.0000
0.6183 0.2370 0.1447 0.0000 0.0000
0.3333 0.0780 0.5887 0.0000 0.0000
0.0798 0.9202 0.0000 0.0000 0.0000
1.0000 0.0000 0.0000 0.0000 0.0000
0.4065 0.5935 0.0000 0.0000 0.0000
0.6787 0.1241 0.1972 0.0000 0.0000
0.2253 0.6798 0.0949 0.0000 0.0000
0.1640 0.4380 0.3979 0.0000 0.0000
0.6293 0.1964 0.1743 0.0000 0.0000
1.0000 0.0000 0.0000 0.0000 0.0000
0.4319 0.5681 0.0000 0.0000 0.0000
0.1206 0.3481 0.0000 0.5313 0.0000
0.2326 0.7674 0.0000 0.0000 0.0000
0.7151 0.2849 0.0000 0.0000 0.0000
0.5333 0.2852 0.0000 0.1815 0.0000
0.1717 0.1269 0.0000 0.1924 0.5090
0.3871 0.1081 0.5048 0.0000 0.0000
1.0000 0.0000 0.0000 0.0000 0.0000
1.0000 0.0000 0.0000 0.0000 0.0000
1.0000 0.0000 0.0000 0.0000 0.0000
0.2297 0.4430 0.0000 0.3274 0.0000
0.1853 0.3961 0.4185 0.0000 0.0000
0.0546 0.7420 0.0000 0.0621 0.1413
0.0510 0.2703 0.0000 0.5215 0.1573
0.4126 0.4754 0.0000 0.1120 0.0000
0.2806 0.5076 0.2117 0.0000 0.0000
0.5592 0.4408 0.0000 0.0000 0.0000
1.0000 0.0000 0.0000 0.0000 0.0000
0.1283 0.8717 0.0000 0.0000 0.0000
0.1733 0.6463 0.0000 0.1804 0.0000
0.3885 0.1436 0.0000 0.3082 0.1598
0.3418 0.3419 0.0000 0.2355 0.0808
0.5919 0.4081 0.0000 0.0000 0.0000
0.2714 0.2018 0.0000 0.2965 0.2304
0.5831 0.2994 0.1175 0.0000 0.0000
0.6393 0.2682 0.0925 0.0000 0.0000
0.7937 0.2063 0.0000 0.0000 0.0000
1.0000 0.0000 0.0000 0.0000 0.0000
1.0000 0.0000 0.0000 0.0000 0.0000
0.2931 0.5272 0.1797 0.0000 0.0000
0.6954 0.1534 0.0000 0.1512 0.0000
0.2782 0.7218 0.0000 0.0000 0.0000
0.3215 0.3283 0.0000 0.3501 0.0000
0.4770 0.3789 0.1441 0.0000 0.0000
0.2187 0.2029 0.5784 0.0000 0.0000
0.3569 0.2529 0.3901 0.0000 0.0000
0.4038 0.1194 0.0000 0.4768 0.0000
0.4159 0.1472 0.4369 0.0000 0.0000
0.3652 0.1322 0.5026 0.0000 0.0000
0.2127 0.0759 0.0000 0.5613 0.1502
1.0000 0.0000 0.0000 0.0000 0.0000
0.3919 0.4884 0.0000 0.1197 0.0000
1.0000 0.0000 0.0000 0.0000 0.0000
0.2542 0.3122 0.0000 0.2666 0.1670
0.1733 0.5917 0.0000 0.2351 0.0000
0.1408 0.6175 0.0000 0.0774 0.1642
0.6551 0.1936 0.0000 0.1513 0.0000
0.1214 0.5139 0.0000 0.3648 0.0000
0.6479 0.3521 0.0000 0.0000 0.0000
0.4249 0.3165 0.0000 0.2587 0.0000
1.0000 0.0000 0.0000 0.0000 0.0000
0.1805 0.2490 0.0000 0.4072 0.1633
