0.6823 0.3177 0.0000 0.0000 0.0000
0.0564 0.5387 0.3014 0.0000 0.1034
0.1622 0.1503 0.1135 0.0000 0.5741
1.0000 0.0000 0.0000 0.0000 0.0000
1.0000 0.0000 0.0000 0.0000 0.0000
0.3212 0.4367 0.1641 0.0000 0.0780
0.6617 0.3383 0.0000 0.0000 0.0000
0.1349 0.1811 0.2897 0.0000 0.3943
0.2725 0.1331 0.2445 0.0000 0.3499
0.3618 0.3132 0.3251 0.0000 0.0000
0.0742 0.4139 0.1497 0.0000 0.3622
0.4794 0.2483 0.1693 0.0000 0.1030
1.0000 0.0000 0.0000 0.0000 0.0000
1.0000 0.0000 0.0000 0.0000 0.0000
0.5220 0.4780 0.0000 0.0000 0.0000
0.3209 0.1019 0.3751 0.0000 0.2021
1.0000 0.0000 0.0000 0.0000 0.0000
0.6834 0.0943 0.1387 0.0000 0.0837
0.6039 0.3961 0.0000 0.0000 0.0000
0.3153 0.6847 0.0000 0.0000 0.0000
0.5154 0.4846 0.0000 0.0000 0.0000
0.4530 0.4742 0.0728 0.0000 0.0000
0.6542 0.2520 0.0000 0.0939 0.0000
0.0713 0.7028 0.0530 0.0000 0.1729
0.2613 0.4223 0.3164 0.0000 0.0000
0.1120 0.2769 0.6111 0.0000 0.0000
0.6825 0.3175 0.0000 0.0000 0.0000
0.5429 0.4571 0.0000 0.0000 0.0000
0.2673 0.3719 0.2791 0.0000 0.0818
0.4713 0.3792 0.1495 0.0000 0.0000
0.1211 0.5162 0.0610 0.0000 0.3017
0.1535 0.1302 0.1909 0.0000 0.5253
0.4507 0.2283 0.3210 0.0000 0.0000
0.0694 0.3568 0.0000 0.5738 0.0000
0.4716 0.5284 0.0000 0.0000 0.0000
1.0000 0.0000 0.0000 0.0000 0.0000
0.0742 0.9258 0.0000 0.0000 0.0000
0.4378 0.2207 0.0000 0.3415 0.0000
0.4630 0.1855 0.3515 0.0000 0.0000
1.0000 0.0000 0.0000 0.0000 0.0000
1.0000 0.0000 0.0000 0.0000 0.0000
0.3834 0.1097 0.1448 0.0000 0.3620
0.1217 0.1997 0.6786 0.0000 0.0000
0.2401 0.4854 0.0000 0.2746 0.0000
0.4022 0.1717 0.4261 0.0000 0.0000
0.1913 0.5196 0.2891 0.0000 0.0000
1.0000 0.0000 0.0000 0.0000 0.0000
1.0000 0.0000 0.0000 0.0000 0.0000
0.3865 0.4050 0.2085 0.0000 0.0000
1.0000 0.0000 0.0000 0.0000 0.0000
