0.1545 0.2421 0.0000 0.1505 0.1054 0.0678 0.1936 0.0000 0.0861 0.0000
0.1565 0.0945 0.0000 0.1315 0.0581 0.0909 0.2168 0.0000 0.2517 0.0000
1.0000 0.0000 0.0000 0.0000 0.0000 0.0000 0.0000 0.0000 0.0000 0.0000
0.0670 0.1144 0.0000 0.2587 0.1594 0.0930 0.1075 0.1353 0.0648 0.0000
0.2537 0.1512 0.0000 0.0701 0.1990 0.1522 0.1188 0.0000 0.0549 0.0000
0.4068 0.5932 0.0000 0.0000 0.0000 0.0000 0.0000 0.0000 0.0000 0.0000
0.2471 0.5486 0.0000 0.2044 0.0000 0.0000 0.0000 0.0000 0.0000 0.0000
1.0000 0.0000 0.0000 0.0000 0.0000 0.0000 0.0000 0.0000 0.0000 0.0000
0.2724 0.2655 0.0000 0.4621 0.0000 0.0000 0.0000 0.0000 0.0000 0.0000
0.1007 0.1641 0.0000 0.2962 0.0536 0.1429 0.1418 0.0000 0.1007 0.0000
0.1269 0.2279 0.0000 0.3646 0.2806 0.0000 0.0000 0.0000 0.0000 0.0000
1.0000 0.0000 0.0000 0.0000 0.0000 0.0000 0.0000 0.0000 0.0000 0.0000
1.0000 0.0000 0.0000 0.0000 0.0000 0.0000 0.0000 0.0000 0.0000 0.0000
0.1155 0.1149 0.0000 0.3909 0.3787 0.0000 0.0000 0.0000 0.0000 0.0000
1.0000 0.0000 0.0000 0.0000 0.0000 0.0000 0.0000 0.0000 0.0000 0.0000
1.0000 0.0000 0.0000 0.0000 0.0000 0.0000 0.0000 0.0000 0.0000 0.0000
0.4023 0.0807 0.0000 0.0564 0.0747 0.1094 0.0994 0.1143 0.0628 0.0000
0.2173 0.0939 0.0000 0.6152 0.0736 0.0000 0.0000 0.0000 0.0000 0.0000
1.0000 0.0000 0.0000 0.0000 0.0000 0.0000 0.0000 0.0000 0.0000 0.0000
0.0568 0.0796 0.0000 0.0641 0.1671 0.0935 0.1601 0.1681 0.2107 0.0000
0.8116 0.0000 0.0000 0.0000 0.0000 0.0000 0.0000 0.0000 0.0000 0.1884
0.3583 0.2805 0.0000 0.1043 0.0995 0.1574 0.0000 0.0000 0.0000 0.0000
0.7511 0.2489 0.0000 0.0000 0.0000 0.0000 0.0000 0.0000 0.0000 0.0000
1.0000 0.0000 0.0000 0.0000 0.0000 0.0000 0.0000 0.0000 0.0000 0.0000
0.5535 0.0764 0.0000 0.3701 0.0000 0.0000 0.0000 0.0000 0.0000 0.0000
0.3773 0.0000 0.0000 0.0000 0.0000 0.0000 0.0000 0.0000 0.0000 0.6227
0.8512 0.0916 0.0000 0.0572 0.0000 0.0000 0.0000 0.0000 0.0000 0.0000
0.1709 0.3477 0.0000 0.2463 0.2351 0.0000 0.0000 0.0000 0.0000 0.0000
0.2457 0.1932 0.0000 0.0589 0.1888 0.3135 0.0000 0.0000 0.0000 0.0000
0.5151 0.1399 0.3449 0.0000 0.0000 0.0000 0.0000 0.0000 0.0000 0.0000
0.0620 0.2149 0.0000 0.2230 0.0618 0.1058 0.1047 0.0622 0.1656 0.0000
0.0769 0.5334 0.0000 0.1486 0.1832 0.0579 0.0000 0.0000 0.0000 0.0000
1.0000 0.0000 0.0000 0.0000 0.0000 0.0000 0.0000 0.0000 0.0000 0.0000
1.0000 0.0000 0.0000 0.0000 0.0000 0.0000 0.0000 0.0000 0.0000 0.0000
0.1043 0.2639 0.0000 0.5177 0.1141 0.0000 0.0000 0.0000 0.0000 0.0000
0.6294 0.3706 0.0000 0.0000 0.0000 0.0000 0.0000 0.0000 0.0000 0.0000
0.2915 0.4741 0.0000 0.1037 0.1306 0.0000 0.0000 0.0000 0.0000 0.0000
0.6305 0.0534 0.0000 0.3160 0.0000 0.0000 0.0000 0.0000 0.0000 0.0000
0.6776 0.1637 0.1587 0.0000 0.0000 0.0000 0.0000 0.0000 0.0000 0.0000
0.3379 0.6621 0.0000 0.0000 0.0000 0.0000 0.0000 0.0000 0.0000 0.0000
0.0951 0.1659 0.0000 0.3232 0.0667 0.0659 0.1325 0.0615 0.0893 0.0000
0.0582 0.1944 0.0000 0.1385 0.0850 0.0989 0.2392 0.0710 0.1148 0.0000
0.1156 0.2076 0.0000 0.2122 0.1771 0.1057 0.1261 0.0000 0.0557 0.0000
0.1696 0.1352 0.0000 0.2174 0.3961 0.0817 0.0000 0.0000 0.0000 0.0000
1.0000 0.0000 0.0000 0.0000 0.0000 0.0000 0.0000 0.0000 0.0000 0.0000
0.6998 0.0000 0.0000 0.0000 0.0000 0.0000 0.0000 0.0000 0.0000 0.3002
0.1309 0.2473 0.0000 0.0526 0.1297 0.2481 0.1135 0.0000 0.0778 0.0000
0.2050 0.0567 0.0000 0.1423 0.3875 0.0809 0.0551 0.0000 0.0726 0.0000
0.5333 0.0662 0.0000 0.3085 0.0920 0.0000 0.0000 0.0000 0.0000 0.0000
0.9009 0.0991 0.0000 0.0000 0.0000 0.0000 0.0000 0.0000 0.0000 0.0000
