1.0000 0.0000 0.0000 0.0000 0.0000 0.0000 0.0000 0.0000 0.0000 0.0000 0.0000 0.0000 0.0000 0.0000 0.0000
0.0888 0.3428 0.1030 0.2028 0.1080 0.0000 0.0000 0.0000 0.0000 0.0000 0.0000 0.0000 0.0000 0.1546 0.0000
0.0748 0.0000 0.0000 0.0000 0.0000 0.1130 0.3302 0.1445 0.0543 0.1324 0.1508 0.0000 0.0000 0.0000 0.0000
0.1877 0.0000 0.0000 0.0000 0.0000 0.0651 0.0789 0.6682 0.0000 0.0000 0.0000 0.0000 0.0000 0.0000 0.0000
0.1629 0.0000 0.0000 0.0000 0.0000 0.0883 0.1754 0.0703 0.4030 0.0000 0.0000 0.1001 0.0000 0.0000 0.0000
0.1475 0.0000 0.0000 0.0000 0.0000 0.1416 0.1337 0.3141 0.0782 0.0000 0.0000 0.0000 0.0000 0.0000 0.1849
0.1368 0.0780 0.0857 0.4497 0.0800 0.0000 0.0000 0.0000 0.0000 0.0000 0.0000 0.0000 0.0000 0.1698 0.0000
0.8128 0.0000 0.0000 0.0000 0.0000 0.1872 0.0000 0.0000 0.0000 0.0000 0.0000 0.0000 0.0000 0.0000 0.0000
0.2379 0.0000 0.0000 0.0000 0.0000 0.4221 0.1962 0.1438 0.0000 0.0000 0.0000 0.0000 0.0000 0.0000 0.0000
0.6861 0.3139 0.0000 0.0000 0.0000 0.0000 0.0000 0.0000 0.0000 0.0000 0.0000 0.0000 0.0000 0.0000 0.0000
0.0701 0.0000 0.0000 0.0000 0.0000 0.3567 0.0627 0.0593 0.1476 0.0000 0.0000 0.0000 0.0000 0.0000 0.3035
0.1130 0.0000 0.0000 0.0000 0.0000 0.1184 0.1283 0.4601 0.1095 0.0707 0.0000 0.0000 0.0000 0.0000 0.0000
0.1087 0.8913 0.0000 0.0000 0.0000 0.0000 0.0000 0.0000 0.0000 0.0000 0.0000 0.0000 0.0000 0.0000 0.0000
0.1640 0.8360 0.0000 0.0000 0.0000 0.0000 0.0000 0.0000 0.0000 0.0000 0.0000 0.0000 0.0000 0.0000 0.0000
0.7076 0.0000 0.0000 0.0000 0.0000 0.2924 0.0000 0.0000 0.0000 0.0000 0.0000 0.0000 0.0000 0.0000 0.0000
0.3939 0.0000 0.0000 0.0000 0.0000 0.0610 0.1911 0.1463 0.2077 0.0000 0.0000 0.0000 0.0000 0.0000 0.0000
0.1654 0.2525 0.3175 0.0000 0.0000 0.0000 0.0000 0.0000 0.0000 0.0000 0.0000 0.0000 0.0000 0.2646 0.0000
1.0000 0.0000 0.0000 0.0000 0.0000 0.0000 0.0000 0.0000 0.0000 0.0000 0.0000 0.0000 0.0000 0.0000 0.0000
0.2644 0.0000 0.0000 0.0000 0.0000 0.0654 0.3651 0.3051 0.0000 0.0000 0.0000 0.0000 0.0000 0.0000 0.0000
0.3222 0.5702 0.1075 0.0000 0.0000 0.0000 0.0000 0.0000 0.0000 0.0000 0.0000 0.0000 0.0000 0.0000 0.0000
0.3763 0.0000 0.0000 0.0000 0.0000 0.5470 0.0767 0.0000 0.0000 0.0000 0.0000 0.0000 0.0000 0.0000 0.0000
0.1025 0.4081 0.0914 0.1431 0.0000 0.0000 0.0000 0.0000 0.0000 0.0000 0.0000 0.0000 0.0000 0.2549 0.0000
1.0000 0.0000 0.0000 0.0000 0.0000 0.0000 0.0000 0.0000 0.0000 0.0000 0.0000 0.0000 0.0000 0.0000 0.0000
0.1019 0.0000 0.0000 0.0000 0.0000 0.3480 0.0580 0.1546 0.0558 0.0872 0.1945 0.0000 0.0000 0.0000 0.0000
0.1354 0.0000 0.0000 0.0000 0.0000 0.0867 0.1378 0.0859 0.0931 0.1702 0.2911 0.0000 0.0000 0.0000 0.0000
1.0000 0.0000 0.0000 0.0000 0.0000 0.0000 0.0000 0.0000 0.0000 0.0000 0.0000 0.0000 0.0000 0.0000 0.0000
0.2636 0.0000 0.0000 0.0000 0.0000 0.4679 0.1887 0.0798 0.0000 0.0000 0.0000 0.0000 0.0000 0.0000 0.0000
0.1552 0.0000 0.0000 0.0000 0.0000 0.2316 0.1499 0.4091 0.0542 0.0000 0.0000 0.0000 0.0000 0.0000 0.0000
0.1023 0.0000 0.0000 0.0000 0.0000 0.0847 0.1669 0.2400 0.1090 0.0000 0.0000 0.1154 0.1817 0.0000 0.0000
0.2048 0.0000 0.0000 0.0000 0.0000 0.0782 0.0681 0.2775 0.3714 0.0000 0.0000 0.0000 0.0000 0.0000 0.0000
0.1839 0.0000 0.0000 0.0000 0.0000 0.1001 0.2665 0.1860 0.2635 0.0000 0.0000 0.0000 0.0000 0.0000 0.0000
0.1428 0.8572 0.0000 0.0000 0.0000 0.0000 0.0000 0.0000 0.0000 0.0000 0.0000 0.0000 0.0000 0.0000 0.0000
0.1986 0.0000 0.0000 0.0000 0.0000 0.7135 0.0879 0.0000 0.0000 0.0000 0.0000 0.0000 0.0000 0.0000 0.0000
0.1914 0.0000 0.0000 0.0000 0.0000 0.1753 0.1161 0.5172 0.0000 0.0000 0.0000 0.0000 0.0000 0.0000 0.0000
1.0000 0.0000 0.0000 0.0000 0.0000 0.0000 0.0000 0.0000 0.0000 0.0000 0.0000 0.0000 0.0000 0.0000 0.0000
0.2813 0.0000 0.0000 0.0000 0.0000 0.0767 0.2404 0.1164 0.2852 0.0000 0.0000 0.0000 0.0000 0.0000 0.0000
0.1598 0.1367 0.2943 0.1310 0.1969 0.0000 0.0000 0.0000 0.0000 0.0000 0.0000 0.0000 0.0000 0.0812 0.0000
0.0618 0.1329 0.2053 0.1198 0.0000 0.0000 0.0000 0.0000 0.0000 0.0000 0.0000 0.0000 0.0000 0.4802 0.0000
0.1219 0.0000 0.0000 0.0000 0.0000 0.8781 0.0000 0.0000 0.0000 0.0000 0.0000 0.0000 0.0000 0.0000 0.0000
0.1713 0.8287 0.0000 0.0000 0.0000 0.0000 0.0000 0.0000 0.0000 0.0000 0.0000 0.0000 0.0000 0.0000 0.0000
0.2385 0.0000 0.0000 0.0000 0.0000 0.2391 0.0710 0.1177 0.1623 0.1180 0.0535 0.0000 0.0000 0.0000 0.0000
0.1356 0.0000 0.0000 0.0000 0.0000 0.1184 0.2733 0.0620 0.1280 0.0000 0.0000 0.0954 0.1872 0.0000 0.0000
0.2119 0.0000 0.0000 0.0000 0.0000 0.0802 0.0860 0.0656 0.3085 0.0000 0.0000 0.2478 0.0000 0.0000 0.0000
0.1286 0.0000 0.0000 0.0000 0.0000 0.0513 0.1306 0.0867 0.4880 0.0000 0.0000 0.0000 0.0000 0.0000 0.1148
1.0000 0.0000 0.0000 0.0000 0.0000 0.0000 0.0000 0.0000 0.0000 0.0000 0.0000 0.0000 0.0000 0.0000 0.0000
0.2024 0.0000 0.0000 0.0000 0.0000 0.2917 0.0784 0.0819 0.1492 0.0000 0.0000 0.0000 0.0000 0.0000 0.1963
0.0640 0.3066 0.2096 0.0000 0.0000 0.0000 0.0000 0.0000 0.0000 0.0000 0.0000 0.0000 0.0000 0.4198 0.0000
0.0937 0.0000 0.0000 0.0000 0.0000 0.4262 0.0702 0.0904 0.1076 0.0000 0.0000 0.2120 0.0000 0.0000 0.0000
0.4540 0.0504 0.1607 0.0892 0.0619 0.0000 0.0000 0.0000 0.0000 0.0000 0.0000 0.0000 0.0000 0.1838 0.0000
0.1510 0.0000 0.0000 0.0000 0.0000 0.1995 0.1686 0.1762 0.0534 0.0000 0.0000 0.0000 0.0000 0.0000 0.2513
0.3085 0.2780 0.2277 0.0697 0.0000 0.0000 0.0000 0.0000 0.0000 0.0000 0.0000 0.0000 0.0000 0.1162 0.0000
0.4349 0.0000 0.0000 0.0000 0.0000 0.1356 0.0669 0.1193 0.0568 0.1865 0.0000 0.0000 0.0000 0.0000 0.0000
0.4173 0.2566 0.3262 0.0000 0.0000 0.0000 0.0000 0.0000 0.0000 0.0000 0.0000 0.0000 0.0000 0.0000 0.0000
0.5069 0.1756 0.3176 0.0000 0.0000 0.0000 0.0000 0.0000 0.0000 0.0000 0.0000 0.0000 0.0000 0.0000 0.0000
0.5676 0.0000 0.0000 0.0000 0.0000 0.0889 0.0507 0.1924 0.1005 0.0000 0.0000 0.0000 0.0000 0.0000 0.0000
0.3105 0.4966 0.1929 0.0000 0.0000 0.0000 0.0000 0.0000 0.0000 0.0000 0.0000 0.0000 0.0000 0.0000 0.0000
0.0898 0.0000 0.0000 0.0000 0.0000 0.0956 0.2954 0.0710 0.2298 0.0799 0.1385 0.0000 0.0000 0.0000 0.0000
0.1760 0.0000 0.0000 0.0000 0.0000 0.0896 0.0998 0.1987 0.0643 0.0000 0.0000 0.0000 0.0000 0.0000 0.3716
0.0972 0.0000 0.0000 0.0000 0.0000 0.0778 0.1295 0.0713 0.6242 0.0000 0.0000 0.0000 0.0000 0.0000 0.0000
1.0000 0.0000 0.0000 0.0000 0.0000 0.0000 0.0000 0.0000 0.0000 0.0000 0.0000 0.0000 0.0000 0.0000 0.0000
1.0000 0.0000 0.0000 0.0000 0.0000 0.0000 0.0000 0.0000 0.0000 0.0000 0.0000 0.0000 0.0000 0.0000 0.0000
0.1199 0.0000 0.0000 0.0000 0.0000 0.0762 0.3136 0.2402 0.1276 0.0000 0.0000 0.1225 0.0000 0.0000 0.0000
0.0803 0.0000 0.0000 0.0000 0.0000 0.0640 0.2596 0.2532 0.1850 0.1580 0.0000 0.0000 0.0000 0.0000 0.0000
0.0526 0.0000 0.0000 0.0000 0.0000 0.9474 0.0000 0.0000 0.0000 0.0000 0.0000 0.0000 0.0000 0.0000 0.0000
0.2611 0.0000 0.0000 0.0000 0.0000 0.1181 0.2231 0.0680 0.1179 0.0000 0.0000 0.1598 0.0520 0.0000 0.0000
0.6410 0.0000 0.0000 0.0000 0.0000 0.3590 0.0000 0.0000 0.0000 0.0000 0.0000 0.0000 0.0000 0.0000 0.0000
0.1612 0.0000 0.0000 0.0000 0.0000 0.0863 0.0791 0.1180 0.0539 0.0000 0.0000 0.0000 0.0000 0.0000 0.5016
0.2652 0.3543 0.1324 0.0000 0.0000 0.0000 0.0000 0.0000 0.0000 0.0000 0.0000 0.0000 0.0000 0.2481 0.0000
0.1209 0.0000 0.0000 0.0000 0.0000 0.1384 0.1618 0.0794 0.1060 0.0000 0.0000 0.1955 0.1980 0.0000 0.0000
0.2023 0.0000 0.0000 0.0000 0.0000 0.5749 0.2228 0.0000 0.0000 0.0000 0.0000 0.0000 0.0000 0.0000 0.0000
0.4411 0.0000 0.0000 0.0000 0.0000 0.1520 0.0831 0.0619 0.1751 0.0000 0.0000 0.0868 0.0000 0.0000 0.0000
0.3425 0.5615 0.0960 0.0000 0.0000 0.0000 0.0000 0.0000 0.0000 0.0000 0.0000 0.0000 0.0000 0.0000 0.0000
0.0885 0.0000 0.0000 0.0000 0.0000 0.0774 0.2299 0.6042 0.0000 0.0000 0.0000 0.0000 0.0000 0.0000 0.0000
0.2109 0.1770 0.0580 0.1995 0.1604 0.0000 0.0000 0.0000 0.0000 0.0000 0.0000 0.0000 0.0000 0.1943 0.0000
1.0000 0.0000 0.0000 0.0000 0.0000 0.0000 0.0000 0.0000 0.0000 0.0000 0.0000 0.0000 0.0000 0.0000 0.0000
0.8391 0.1609 0.0000 0.0000 0.0000 0.0000 0.0000 0.0000 0.0000 0.0000 0.0000 0.0000 0.0000 0.0000 0.0000
0.3726 0.0000 0.0000 0.0000 0.0000 0.1193 0.1390 0.3691 0.0000 0.0000 0.0000 0.0000 0.0000 0.0000 0.0000
0.0862 0.0953 0.1274 0.5840 0.0000 0.0000 0.0000 0.0000 0.0000 0.0000 0.0000 0.0000 0.0000 0.1071 0.0000
0.0678 0.0000 0.0000 0.0000 0.0000 0.2843 0.4281 0.0683 0.0587 0.0929 0.0000 0.0000 0.0000 0.0000 0.0000
0.1841 0.3380 0.4779 0.0000 0.0000 0.0000 0.0000 0.0000 0.0000 0.0000 0.0000 0.0000 0.0000 0.0000 0.0000
1.0000 0.0000 0.0000 0.0000 0.0000 0.0000 0.0000 0.0000 0.0000 0.0000 0.0000 0.0000 0.0000 0.0000 0.0000
0.3420 0.0000 0.0000 0.0000 0.0000 0.3092 0.3488 0.0000 0.0000 0.0000 0.0000 0.0000 0.0000 0.0000 0.0000
0.6094 0.0963 0.0931 0.0000 0.0000 0.0000 0.0000 0.0000 0.0000 0.0000 0.0000 0.0000 0.0000 0.2012 0.0000
0.0752 0.0000 0.0000 0.0000 0.0000 0.1724 0.0954 0.1045 0.1828 0.0000 0.0000 0.1833 0.1865 0.0000 0.0000
0.2696 0.0000 0.0000 0.0000 0.0000 0.2372 0.4932 0.0000 0.0000 0.0000 0.0000 0.0000 0.0000 0.0000 0.0000
0.1457 0.3556 0.2207 0.1203 0.0000 0.0000 0.0000 0.0000 0.0000 0.0000 0.0000 0.0000 0.0000 0.1577 0.0000
0.0747 0.8561 0.0691 0.0000 0.0000 0.0000 0.0000 0.0000 0.0000 0.0000 0.0000 0.0000 0.0000 0.0000 0.0000
0.1480 0.8520 0.0000 0.0000 0.0000 0.0000 0.0000 0.0000 0.0000 0.0000 0.0000 0.0000 0.0000 0.0000 0.0000
0.0752 0.0000 0.0000 0.0000 0.0000 0.2423 0.1403 0.2108 0.0864 0.0000 0.0000 0.2449 0.0000 0.0000 0.0000
1.0000 0.0000 0.0000 0.0000 0.0000 0.0000 0.0000 0.0000 0.0000 0.0000 0.0000 0.0000 0.0000 0.0000 0.0000
0.1625 0.0000 0.0000 0.0000 0.0000 0.0912 0.2726 0.1110 0.0572 0.1059 0.1997 0.0000 0.0000 0.0000 0.0000
0.2584 0.0000 0.0000 0.0000 0.0000 0.1970 0.1341 0.0586 0.2066 0.1453 0.0000 0.0000 0.0000 0.0000 0.0000
0.1651 0.1281 0.2220 0.2650 0.0646 0.0000 0.0000 0.0000 0.0000 0.0000 0.0000 0.0000 0.0000 0.1552 0.0000
0.1708 0.0000 0.0000 0.0000 0.0000 0.4223 0.0880 0.0619 0.1480 0.1089 0.0000 0.0000 0.0000 0.0000 0.0000
1.0000 0.0000 0.0000 0.0000 0.0000 0.0000 0.0000 0.0000 0.0000 0.0000 0.0000 0.0000 0.0000 0.0000 0.0000
0.4626 0.0000 0.0000 0.0000 0.0000 0.0561 0.0908 0.1656 0.1501 0.0748 0.0000 0.0000 0.0000 0.0000 0.0000
0.1582 0.0000 0.0000 0.0000 0.0000 0.0618 0.4568 0.1138 0.2094 0.0000 0.0000 0.0000 0.0000 0.0000 0.0000
0.5291 0.0000 0.0000 0.0000 0.0000 0.4709 0.0000 0.0000 0.0000 0.0000 0.0000 0.0000 0.0000 0.0000 0.0000
0.1189 0.0000 0.0000 0.0000 0.0000 0.0561 0.1027 0.1432 0.3313 0.1709 0.0768 0.0000 0.0000 0.0000 0.0000
0.2306 0.0000 0.0000 0.0000 0.0000 0.0785 0.3570 0.3339 0.0000 0.0000 0.0000 0.0000 0.0000 0.0000 0.0000
