1.0000 0.0000 0.0000 0.0000 0.0000
1.0000 0.0000 0.0000 0.0000 0.0000
0.3116 0.0892 0.1146 0.0000 0.4846
0.1009 0.7583 0.1408 0.0000 0.0000
1.0000 0.0000 0.0000 0.0000 0.0000
0.1198 0.0973 0.3618 0.0000 0.4211
1.0000 0.0000 0.0000 0.0000 0.0000
0.3540 0.6460 0.0000 0.0000 0.0000
0.1716 0.6673 0.0000 0.1611 0.0000
0.5738 0.1922 0.2340 0.0000 0.0000
0.1342 0.3804 0.0000 0.4854 0.0000
0.1102 0.2884 0.1868 0.0000 0.4146
0.1113 0.6616 0.0948 0.0000 0.1324
0.2943 0.7057 0.0000 0.0000 0.0000
0.0569 0.4126 0.4487 0.0000 0.0818
1.0000 0.0000 0.0000 0.0000 0.0000
0.7507 0.1540 0.0953 0.0000 0.0000
1.0000 0.0000 0.0000 0.0000 0.0000
0.3044 0.4294 0.0000 0.2663 0.0000
1.0000 0.0000 0.0000 0.0000 0.0000
0.5335 0.4665 0.0000 0.0000 0.0000
1.0000 0.0000 0.0000 0.0000 0.0000
0.0601 0.5569 0.3830 0.0000 0.0000
1.0000 0.0000 0.0000 0.0000 0.0000
0.5270 0.2163 0.0525 0.0000 0.2043
0.4791 0.2014 0.0000 0.3196 0.0000
1.0000 0.0000 0.0000 0.0000 0.0000
1.0000 0.0000 0.0000 0.0000 0.0000
0.5443 0.4557 0.0000 0.0000 0.0000
1.0000 0.0000 0.0000 0.0000 0.0000
0.4974 0.5026 0.0000 0.0000 0.0000
0.3823 0.0505 0.0000 0.5672 0.0000
0.3970 0.1003 0.0685 0.0000 0.4343
0.1521 0.8479 0.0000 0.0000 0.0000
0.1919 0.1830 0.6250 0.0000 0.0000
0.1185 0.8815 0.0000 0.0000 0.0000
0.1315 0.4570 0.0000 0.4115 0.0000
0.2493 0.2978 0.4530 0.0000 0.0000
0.7996 0.2004 0.0000 0.0000 0.0000
0.4940 0.1779 0.0000 0.3281 0.0000
0.4199 0.1289 0.3057 0.0000 0.1455
1.0000 0.0000 0.0000 0.0000 0.0000
0.7833 0.2167 0.0000 0.0000 0.0000
0.0523 0.8921 0.0556 0.0000 0.0000
0.4887 0.0556 0.0000 0.4556 0.0000
0.7918 0.2082 0.0000 0.0000 0.0000
1.0000 0.0000 0.0000 0.0000 0.0000
0.3167 0.5014 0.1819 0.0000 0.0000
1.0000 0.0000 0.0000 0.0000 0.0000
0.0648 0.5746 0.3607 0.0000 0.0000
