0.9432 0.0568 0.0000 0.0000 0.0000 0.0000 0.0000 0.0000 0.0000 0.0000 0.0000 0.0000 0.0000 0.0000 0.0000
0.0620 0.1679 0.0000 0.0631 0.2986 0.1313 0.0000 0.0000 0.0000 0.0000 0.0000 0.0000 0.0000 0.0527 0.2245
0.0970 0.3818 0.5212 0.0000 0.0000 0.0000 0.0000 0.0000 0.0000 0.0000 0.0000 0.0000 0.0000 0.0000 0.0000
1.0000 0.0000 0.0000 0.0000 0.0000 0.0000 0.0000 0.0000 0.0000 0.0000 0.0000 0.0000 0.0000 0.0000 0.0000
0.1197 0.8803 0.0000 0.0000 0.0000 0.0000 0.0000 0.0000 0.0000 0.0000 0.0000 0.0000 0.0000 0.0000 0.0000
0.0950 0.2505 0.0000 0.3108 0.0000 0.0000 0.0000 0.0000 0.0000 0.1701 0.0723 0.0000 0.0000 0.1014 0.0000
0.3673 0.0746 0.0000 0.1193 0.0000 0.0000 0.0000 0.0000 0.0000 0.1886 0.1619 0.0000 0.0000 0.0882 0.0000
0.4278 0.0995 0.0000 0.2143 0.1239 0.0000 0.0000 0.0000 0.0000 0.0000 0.0000 0.0000 0.0000 0.1346 0.0000
0.0930 0.2921 0.0000 0.3022 0.1667 0.0000 0.0000 0.0000 0.0000 0.0000 0.0000 0.0000 0.0000 0.1459 0.0000
0.0688 0.1803 0.0000 0.2654 0.0591 0.0834 0.0000 0.2160 0.0000 0.0000 0.0000 0.0000 0.0000 0.1270 0.0000
0.3085 0.0885 0.4230 0.0000 0.0000 0.0000 0.0000 0.0000 0.0000 0.0000 0.0000 0.1800 0.0000 0.0000 0.0000
0.1783 0.1965 0.0000 0.4123 0.0000 0.0000 0.0000 0.0000 0.0000 0.0000 0.0000 0.0000 0.0000 0.2130 0.0000
1.0000 0.0000 0.0000 0.0000 0.0000 0.0000 0.0000 0.0000 0.0000 0.0000 0.0000 0.0000 0.0000 0.0000 0.0000
0.1007 0.1476 0.0000 0.1193 0.2678 0.0805 0.0000 0.0000 0.0000 0.0000 0.0000 0.0000 0.0000 0.0676 0.2165
0.4378 0.5622 0.0000 0.0000 0.0000 0.0000 0.0000 0.0000 0.0000 0.0000 0.0000 0.0000 0.0000 0.0000 0.0000
0.3229 0.0647 0.0000 0.0574 0.0985 0.1749 0.0000 0.0871 0.0000 0.0000 0.0000 0.0000 0.0000 0.1945 0.0000
0.1492 0.2697 0.0000 0.2998 0.0000 0.0000 0.0000 0.0000 0.0000 0.0000 0.0000 0.0000 0.0000 0.2813 0.0000
0.1330 0.1141 0.0000 0.1884 0.0000 0.0000 0.0000 0.0000 0.0000 0.1467 0.1544 0.0000 0.0000 0.2634 0.0000
0.1825 0.1128 0.0000 0.1917 0.1925 0.1112 0.0000 0.0000 0.0000 0.0000 0.0000 0.0000 0.0000 0.2092 0.0000
0.1057 0.2011 0.0000 0.1954 0.4165 0.0000 0.0000 0.0000 0.0000 0.0000 0.0000 0.0000 0.0000 0.0813 0.0000
0.1118 0.0798 0.0000 0.4381 0.0000 0.0000 0.0000 0.0000 0.0000 0.2512 0.0000 0.0000 0.0539 0.0652 0.0000
0.1691 0.4316 0.3993 0.0000 0.0000 0.0000 0.0000 0.0000 0.0000 0.0000 0.0000 0.0000 0.0000 0.0000 0.0000
0.0975 0.2377 0.2154 0.0000 0.0000 0.0000 0.0000 0.0000 0.2242 0.0000 0.0000 0.2251 0.0000 0.0000 0.0000
0.1464 0.1759 0.0000 0.0541 0.1036 0.1003 0.0000 0.0000 0.0000 0.0000 0.0000 0.0000 0.0000 0.2263 0.1934
0.0835 0.9165 0.0000 0.0000 0.0000 0.0000 0.0000 0.0000 0.0000 0.0000 0.0000 0.0000 0.0000 0.0000 0.0000
0.2135 0.3609 0.0625 0.0000 0.0000 0.0000 0.0000 0.0000 0.0000 0.0000 0.0000 0.3632 0.0000 0.0000 0.0000
0.5935 0.0613 0.0000 0.2063 0.0000 0.0000 0.0000 0.0000 0.0000 0.0550 0.0000 0.0000 0.0000 0.0839 0.0000
0.2727 0.2380 0.0000 0.0514 0.0000 0.0000 0.0000 0.0000 0.0000 0.0000 0.0000 0.0000 0.0000 0.4379 0.0000
0.2405 0.3385 0.0000 0.1457 0.0000 0.0000 0.2753 0.0000 0.0000 0.0000 0.0000 0.0000 0.0000 0.0000 0.0000
0.2114 0.3090 0.0000 0.0677 0.0000 0.0000 0.0000 0.0000 0.0000 0.2183 0.0000 0.0000 0.0000 0.1936 0.0000
0.0968 0.0977 0.0000 0.3501 0.3280 0.0762 0.0000 0.0000 0.0000 0.0000 0.0000 0.0000 0.0000 0.0512 0.0000
0.1481 0.4879 0.0000 0.2276 0.0000 0.0000 0.0000 0.0000 0.0000 0.0000 0.0000 0.0000 0.0000 0.1365 0.0000
0.0642 0.2742 0.0000 0.0829 0.0735 0.0000 0.0000 0.0000 0.0000 0.0000 0.0000 0.0000 0.0000 0.5053 0.0000
0.2000 0.0608 0.0000 0.2082 0.0000 0.0000 0.0000 0.0000 0.0000 0.1766 0.2589 0.0000 0.0000 0.0955 0.0000
0.4736 0.2193 0.1585 0.0000 0.0000 0.0000 0.0000 0.0000 0.0000 0.0000 0.0000 0.1485 0.0000 0.0000 0.0000
1.0000 0.0000 0.0000 0.0000 0.0000 0.0000 0.0000 0.0000 0.0000 0.0000 0.0000 0.0000 0.0000 0.0000 0.0000
0.0609 0.1975 0.0000 0.1720 0.0000 0.0000 0.0000 0.0000 0.0000 0.3165 0.2007 0.0000 0.0000 0.0524 0.0000
0.2279 0.1753 0.0000 0.1254 0.1588 0.0000 0.0000 0.0000 0.0000 0.0000 0.0000 0.0000 0.0000 0.3126 0.0000
0.1588 0.0523 0.0000 0.3631 0.0000 0.0000 0.0000 0.0000 0.0000 0.0000 0.0000 0.0000 0.0000 0.4258 0.0000
0.0689 0.4215 0.0000 0.1142 0.2197 0.0000 0.0000 0.0000 0.0000 0.0000 0.0000 0.0000 0.0000 0.1757 0.0000
0.1130 0.1414 0.0000 0.1487 0.1465 0.0839 0.0000 0.0982 0.0000 0.0000 0.0000 0.0000 0.0000 0.2681 0.0000
0.1986 0.4043 0.0000 0.2270 0.1035 0.0000 0.0000 0.0000 0.0000 0.0000 0.0000 0.0000 0.0000 0.0666 0.0000
0.1159 0.2704 0.0977 0.0000 0.0000 0.0000 0.0000 0.0000 0.0000 0.0000 0.0000 0.5160 0.0000 0.0000 0.0000
0.1779 0.0977 0.0000 0.0709 0.0000 0.0000 0.0000 0.0000 0.0000 0.2696 0.0000 0.0000 0.0000 0.3839 0.0000
0.1522 0.2152 0.0000 0.0548 0.4092 0.1088 0.0000 0.0000 0.0000 0.0000 0.0000 0.0000 0.0000 0.0597 0.0000
0.1087 0.1153 0.0000 0.5154 0.0000 0.0000 0.0000 0.0000 0.0000 0.0000 0.0000 0.0000 0.0000 0.2606 0.0000
1.0000 0.0000 0.0000 0.0000 0.0000 0.0000 0.0000 0.0000 0.0000 0.0000 0.0000 0.0000 0.0000 0.0000 0.0000
0.3534 0.2107 0.0000 0.1484 0.1918 0.0000 0.0000 0.0000 0.0000 0.0000 0.0000 0.0000 0.0000 0.0956 0.0000
0.1508 0.1681 0.0000 0.0813 0.0000 0.0000 0.5997 0.0000 0.0000 0.0000 0.0000 0.0000 0.0000 0.0000 0.0000
0.2371 0.1972 0.0000 0.5657 0.0000 0.0000 0.0000 0.0000 0.0000 0.0000 0.0000 0.0000 0.0000 0.0000 0.0000
0.2847 0.0714 0.0000 0.1713 0.0939 0.1645 0.0000 0.0000 0.0000 0.0000 0.0000 0.0000 0.0000 0.1539 0.0605
0.0793 0.1680 0.0000 0.0900 0.4370 0.0000 0.0000 0.0000 0.0000 0.0000 0.0000 0.0000 0.0000 0.2257 0.0000
0.1177 0.1826 0.0000 0.2208 0.2160 0.2041 0.0000 0.0000 0.0000 0.0000 0.0000 0.0000 0.0000 0.0588 0.0000
0.0927 0.1002 0.0000 0.0938 0.1680 0.0554 0.0000 0.2990 0.0000 0.0000 0.0000 0.0000 0.0000 0.1909 0.0000
0.0895 0.2845 0.0000 0.1730 0.0000 0.0000 0.0000 0.0000 0.0000 0.0662 0.0000 0.0000 0.0000 0.3868 0.0000
0.0525 0.0767 0.0000 0.1405 0.1253 0.2554 0.0000 0.0000 0.0000 0.0000 0.0000 0.0000 0.0000 0.3496 0.0000
0.0982 0.1010 0.3563 0.0000 0.0000 0.0000 0.0000 0.0000 0.3097 0.0000 0.0000 0.1348 0.0000 0.0000 0.0000
0.3862 0.6138 0.0000 0.0000 0.0000 0.0000 0.0000 0.0000 0.0000 0.0000 0.0000 0.0000 0.0000 0.0000 0.0000
0.0501 0.0737 0.0000 0.1755 0.0000 0.0000 0.0000 0.0000 0.0000 0.1739 0.0000 0.0000 0.1506 0.3761 0.0000
0.7221 0.2779 0.0000 0.0000 0.0000 0.0000 0.0000 0.0000 0.0000 0.0000 0.0000 0.0000 0.0000 0.0000 0.0000
0.1241 0.3343 0.1128 0.0000 0.0000 0.0000 0.0000 0.0000 0.0000 0.0000 0.0000 0.4288 0.0000 0.0000 0.0000
0.0803 0.1762 0.0000 0.1315 0.0000 0.0000 0.0000 0.0000 0.0000 0.0868 0.0000 0.0000 0.2671 0.2582 0.0000
0.0747 0.0502 0.0000 0.0567 0.3474 0.1232 0.0000 0.0000 0.0000 0.0000 0.0000 0.0000 0.0000 0.1477 0.2001
0.1193 0.2662 0.6145 0.0000 0.0000 0.0000 0.0000 0.0000 0.0000 0.0000 0.0000 0.0000 0.0000 0.0000 0.0000
0.1120 0.2250 0.2441 0.0000 0.0000 0.0000 0.0000 0.0000 0.0000 0.0000 0.0000 0.4190 0.0000 0.0000 0.0000
0.3388 0.3131 0.0000 0.3480 0.0000 0.0000 0.0000 0.0000 0.0000 0.0000 0.0000 0.0000 0.0000 0.0000 0.0000
0.3031 0.0672 0.0000 0.1755 0.0000 0.0000 0.4542 0.0000 0.0000 0.0000 0.0000 0.0000 0.0000 0.0000 0.0000
0.5016 0.3691 0.0000 0.1293 0.0000 0.0000 0.0000 0.0000 0.0000 0.0000 0.0000 0.0000 0.0000 0.0000 0.0000
0.1088 0.1963 0.0000 0.1225 0.1503 0.0912 0.0000 0.0000 0.0000 0.0000 0.0000 0.0000 0.0000 0.3309 0.0000
0.0801 0.1594 0.7605 0.0000 0.0000 0.0000 0.0000 0.0000 0.0000 0.0000 0.0000 0.0000 0.0000 0.0000 0.0000
0.0712 0.0759 0.0000 0.3440 0.0000 0.0000 0.0000 0.0000 0.0000 0.2582 0.0000 0.0000 0.0000 0.2507 0.0000
0.2000 0.3755 0.1979 0.0000 0.0000 0.0000 0.0000 0.0000 0.0000 0.0000 0.0000 0.2266 0.0000 0.0000 0.0000
0.2792 0.0527 0.1242 0.0000 0.0000 0.0000 0.0000 0.0000 0.4484 0.0000 0.0000 0.0955 0.0000 0.0000 0.0000
0.2245 0.1256 0.0000 0.3439 0.0000 0.0000 0.3059 0.0000 0.0000 0.0000 0.0000 0.0000 0.0000 0.0000 0.0000
0.2714 0.0981 0.0000 0.1480 0.1340 0.0000 0.0000 0.0000 0.0000 0.0000 0.0000 0.0000 0.0000 0.3485 0.0000
0.2572 0.2536 0.0000 0.1739 0.0696 0.0000 0.0000 0.0000 0.0000 0.0000 0.0000 0.0000 0.0000 0.2458 0.0000
0.1576 0.1703 0.0000 0.1300 0.2107 0.0664 0.0000 0.0000 0.0000 0.0000 0.0000 0.0000 0.0000 0.2650 0.0000
0.5520 0.1723 0.1057 0.0000 0.0000 0.0000 0.0000 0.0000 0.0000 0.0000 0.0000 0.1700 0.0000 0.0000 0.0000
0.0654 0.1977 0.0000 0.2824 0.0000 0.0000 0.0000 0.0000 0.0000 0.1131 0.1421 0.0000 0.0000 0.1993 0.0000
0.0844 0.0621 0.0000 0.2786 0.0000 0.0000 0.0000 0.0000 0.0000 0.2433 0.0000 0.0000 0.0000 0.3315 0.0000
0.3388 0.2715 0.0000 0.0887 0.0000 0.0000 0.0000 0.0000 0.0000 0.0974 0.0838 0.0000 0.0000 0.1199 0.0000
0.0948 0.3479 0.0000 0.1261 0.0000 0.0000 0.0000 0.0000 0.0000 0.3055 0.0000 0.0000 0.0000 0.1257 0.0000
0.2075 0.2114 0.0000 0.4008 0.0000 0.0000 0.1803 0.0000 0.0000 0.0000 0.0000 0.0000 0.0000 0.0000 0.0000
0.0714 0.2796 0.0000 0.1194 0.0000 0.0000 0.0000 0.0000 0.0000 0.1687 0.0648 0.0000 0.0000 0.2961 0.0000
0.0500 0.1820 0.0000 0.0540 0.0890 0.1327 0.0000 0.2057 0.0000 0.0000 0.0000 0.0000 0.0000 0.2866 0.0000
0.4535 0.0978 0.3932 0.0000 0.0000 0.0000 0.0000 0.0000 0.0000 0.0000 0.0000 0.0556 0.0000 0.0000 0.0000
0.1133 0.1721 0.0000 0.3171 0.0000 0.0000 0.0000 0.0000 0.0000 0.2035 0.0769 0.0000 0.0000 0.1170 0.0000
0.5860 0.4140 0.0000 0.0000 0.0000 0.0000 0.0000 0.0000 0.0000 0.0000 0.0000 0.0000 0.0000 0.0000 0.0000
0.3488 0.2251 0.4261 0.0000 0.0000 0.0000 0.0000 0.0000 0.0000 0.0000 0.0000 0.0000 0.0000 0.0000 0.0000
0.1913 0.0531 0.0000 0.1022 0.0000 0.0000 0.0000 0.0000 0.0000 0.1183 0.2761 0.0000 0.0000 0.2590 0.0000
0.1644 0.0572 0.0000 0.3406 0.1549 0.1441 0.0000 0.0000 0.0000 0.0000 0.0000 0.0000 0.0000 0.1388 0.0000
0.1148 0.2737 0.0000 0.2600 0.0000 0.0000 0.3514 0.0000 0.0000 0.0000 0.0000 0.0000 0.0000 0.0000 0.0000
0.0778 0.1203 0.0000 0.4384 0.0000 0.0000 0.0000 0.0000 0.0000 0.2606 0.0000 0.0000 0.0000 0.1029 0.0000
0.0756 0.1446 0.0000 0.1532 0.1028 0.2319 0.0000 0.0000 0.0000 0.0000 0.0000 0.0000 0.0000 0.0672 0.2248
0.1102 0.0905 0.7993 0.0000 0.0000 0.0000 0.0000 0.0000 0.0000 0.0000 0.0000 0.0000 0.0000 0.0000 0.0000
0.2776 0.2067 0.0000 0.0657 0.0000 0.0000 0.0000 0.0000 0.0000 0.1630 0.0800 0.0000 0.0000 0.2070 0.0000
0.0974 0.9026 0.0000 0.0000 0.0000 0.0000 0.0000 0.0000 0.0000 0.0000 0.0000 0.0000 0.0000 0.0000 0.0000
0.1832 0.2922 0.0000 0.3294 0.0000 0.0000 0.0000 0.0000 0.0000 0.0000 0.0000 0.0000 0.0000 0.1952 0.0000
0.0947 0.4005 0.0000 0.1187 0.0579 0.0000 0.0000 0.0000 0.0000 0.0000 0.0000 0.0000 0.0000 0.3281 0.0000
0.0954 0.2748 0.0000 0.1236 0.0000 0.0000 0.0000 0.0000 0.0000 0.1361 0.1433 0.0000 0.0000 0.2269 0.0000
