0.6248 0.0000 0.3752 0.0000 0.0000
0.7392 0.2608 0.0000 0.0000 0.0000
0.2620 0.0000 0.2645 0.0000 0.4735
0.3047 0.0000 0.1855 0.0000 0.5099
0.7361 0.2639 0.0000 0.0000 0.0000
0.1055 0.0000 0.8945 0.0000 0.0000
1.0000 0.0000 0.0000 0.0000 0.0000
0.6557 0.0000 0.3443 0.0000 0.0000
0.4687 0.5313 0.0000 0.0000 0.0000
0.4877 0.5123 0.0000 0.0000 0.0000
0.6340 0.0791 0.0000 0.2869 0.0000
0.7037 0.2963 0.0000 0.0000 0.0000
0.4700 0.3774 0.0000 0.1526 0.0000
0.1255 0.6996 0.0000 0.1749 0.0000
0.5807 0.2008 0.0000 0.2185 0.0000
0.3062 0.0000 0.3258 0.0000 0.3681
0.4257 0.0000 0.1719 0.0000 0.4024
1.0000 0.0000 0.0000 0.0000 0.0000
0.1779 0.8221 0.0000 0.0000 0.0000
0.2903 0.0000 0.2253 0.0000 0.4844
1.0000 0.0000 0.0000 0.0000 0.0000
0.6345 0.0000 0.3655 0.0000 0.0000
0.5701 0.0000 0.4299 0.0000 0.0000
0.7198 0.2802 0.0000 0.0000 0.0000
1.0000 0.0000 0.0000 0.0000 0.0000
0.7450 0.0897 0.0000 0.1653 0.0000
0.0735 0.0000 0.9265 0.0000 0.0000
0.3584 0.0000 0.6416 0.0000 0.0000
0.6219 0.3781 0.0000 0.0000 0.0000
0.4005 0.0508 0.0000 0.5487 0.0000
0.7507 0.0000 0.2493 0.0000 0.0000
1.0000 0.0000 0.0000 0.0000 0.0000
1.0000 0.0000 0.0000 0.0000 0.0000
0.2464 0.0000 0.7536 0.0000 0.0000
1.0000 0.0000 0.0000 0.0000 0.0000
0.6826 0.0000 0.3174 0.0000 0.0000
0.5287 0.0000 0.4713 0.0000 0.0000
0.3480 0.0000 0.6520 0.0000 0.0000
1.0000 0.0000 0.0000 0.0000 0.0000
1.0000 0.0000 0.0000 0.0000 0.0000
0.2172 0.5148 0.0000 0.2680 0.0000
1.0000 0.0000 0.0000 0.0000 0.0000
0.5738 0.0000 0.4262 0.0000 0.0000
0.1646 0.0000 0.3913 0.0000 0.4441
0.1294 0.0000 0.8172 0.0000 0.0534
0.1024 0.5607 0.0000 0.3369 0.0000
0.3610 0.0000 0.3622 0.0000 0.2769
1.0000 0.0000 0.0000 0.0000 0.0000
0.8322 0.0000 0.1678 0.0000 0.0000
0.2093 0.1320 0.0000 0.6588 0.0000
