0.2472 0.2348 0.1941 0.1067 0.2172
0.1568 0.1292 0.4673 0.0949 0.1518
0.1800 0.3304 0.1966 0.2929 0.0000
0.3395 0.6605 0.0000 0.0000 0.0000
0.2479 0.7521 0.0000 0.0000 0.0000
1.0000 0.0000 0.0000 0.0000 0.0000
0.1109 0.0567 0.6840 0.1483 0.0000
0.1792 0.2008 0.0000 0.6200 0.0000
0.1514 0.1394 0.6199 0.0893 0.0000
1.0000 0.0000 0.0000 0.0000 0.0000
0.1470 0.6273 0.1054 0.1203 0.0000
1.0000 0.0000 0.0000 0.0000 0.0000
0.1615 0.1512 0.3411 0.1913 0.1548
0.0930 0.2921 0.3022 0.1459 0.1667
0.0532 0.1017 0.2198 0.6252 0.0000
0.7142 0.2858 0.0000 0.0000 0.0000
1.0000 0.0000 0.0000 0.0000 0.0000
0.1218 0.1717 0.4449 0.2616 0.0000
0.3200 0.5694 0.0000 0.1106 0.0000
0.3892 0.1438 0.0756 0.0715 0.3199
0.2628 0.7372 0.0000 0.0000 0.0000
0.4235 0.1273 0.3423 0.1068 0.0000
0.4378 0.5622 0.0000 0.0000 0.0000
1.0000 0.0000 0.0000 0.0000 0.0000
0.2629 0.2621 0.0639 0.1821 0.2291
0.0641 0.5604 0.0889 0.2866 0.0000
0.4754 0.0628 0.0000 0.4618 0.0000
0.4129 0.2412 0.0850 0.2609 0.0000
0.1838 0.0839 0.4923 0.1212 0.1188
1.0000 0.0000 0.0000 0.0000 0.0000
0.0570 0.9430 0.0000 0.0000 0.0000
0.4138 0.3450 0.0686 0.1726 0.0000
0.0938 0.1609 0.2855 0.3176 0.1422
0.7345 0.0548 0.0000 0.2107 0.0000
1.0000 0.0000 0.0000 0.0000 0.0000
0.0504 0.2235 0.5887 0.1375 0.0000
0.1286 0.1806 0.0831 0.4819 0.1257
0.3649 0.6351 0.0000 0.0000 0.0000
1.0000 0.0000 0.0000 0.0000 0.0000
0.2248 0.2620 0.2577 0.2555 0.0000
0.7838 0.1327 0.0000 0.0835 0.0000
1.0000 0.0000 0.0000 0.0000 0.0000
0.4141 0.5859 0.0000 0.0000 0.0000
1.0000 0.0000 0.0000 0.0000 0.0000
0.2260 0.1815 0.0525 0.3504 0.1895
0.2517 0.7483 0.0000 0.0000 0.0000
0.2826 0.3862 0.0000 0.3312 0.0000
0.2027 0.6013 0.0000 0.1960 0.0000
0.2178 0.2286 0.3333 0.1500 0.0703
1.0000 0.0000 0.0000 0.0000 0.0000
1.0000 0.0000 0.0000 0.0000 0.0000
0.1520 0.5372 0.0660 0.2447 0.0000
0.7958 0.2042 0.0000 0.0000 0.0000
1.0000 0.0000 0.0000 0.0000 0.0000
0.3167 0.3481 0.2521 0.0831 0.0000
0.5368 0.0634 0.0000 0.3998 0.0000
0.4029 0.1590 0.0000 0.4381 0.0000
1.0000 0.0000 0.0000 0.0000 0.0000
0.6174 0.1442 0.0000 0.2383 0.0000
0.5238 0.4762 0.0000 0.0000 0.0000
0.8473 0.1527 0.0000 0.0000 0.0000
0.2657 0.1822 0.2852 0.0791 0.1878
0.5766 0.2352 0.0000 0.1881 0.0000
0.0998 0.1977 0.1179 0.1434 0.4411
0.0516 0.2989 0.1274 0.3227 0.1994
0.1812 0.3446 0.1393 0.3349 0.0000
0.0710 0.0779 0.1344 0.4668 0.2498
0.1419 0.3844 0.0000 0.4736 0.0000
0.4890 0.5110 0.0000 0.0000 0.0000
0.0705 0.2952 0.2300 0.4044 0.0000
0.0946 0.0917 0.2324 0.0652 0.5161
0.0662 0.9338 0.0000 0.0000 0.0000
1.0000 0.0000 0.0000 0.0000 0.0000
0.4383 0.5617 0.0000 0.0000 0.0000
0.8931 0.1069 0.0000 0.0000 0.0000
0.2739 0.1347 0.2190 0.3724 0.0000
1.0000 0.0000 0.0000 0.0000 0.0000
0.2434 0.1393 0.0000 0.6173 0.0000
0.4291 0.5709 0.0000 0.0000 0.0000
0.8318 0.1682 0.0000 0.0000 0.0000
1.0000 0.0000 0.0000 0.0000 0.0000
0.2355 0.1100 0.2781 0.2768 0.0995
0.4033 0.5967 0.0000 0.0000 0.0000
0.3221 0.6779 0.0000 0.0000 0.0000
0.5210 0.4790 0.0000 0.0000 0.0000
0.1236 0.1045 0.6825 0.0894 0.0000
0.4236 0.5764 0.0000 0.0000 0.0000
0.6486 0.3514 0.0000 0.0000 0.0000
1.0000 0.0000 0.0000 0.0000 0.0000
1.0000 0.0000 0.0000 0.0000 0.0000
0.1208 0.1318 0.3438 0.3117 0.0919
0.4781 0.4540 0.0000 0.0679 0.0000
0.6559 0.2882 0.0000 0.0559 0.0000
0.2262 0.2617 0.0575 0.2884 0.1661
0.0617 0.7912 0.0000 0.1471 0.0000
1.0000 0.0000 0.0000 0.0000 0.0000
0.5292 0.0560 0.0000 0.4148 0.0000
0.6876 0.2177 0.0000 0.0947 0.0000
0.1398 0.0639 0.1658 0.4563 0.1742
0.9028 0.0972 0.0000 0.0000 0.0000
1.0000 0.0000 0.0000 0.0000 0.0000
0.2138 0.1005 0.5815 0.1042 0.0000
0.6193 0.0867 0.1644 0.1295 0.0000
0.1513 0.1730 0.3615 0.2011 0.1131
0.3728 0.2295 0.2286 0.1692 0.0000
0.3631 0.2833 0.0000 0.3536 0.0000
1.0000 0.0000 0.0000 0.0000 0.0000
0.3817 0.0779 0.0000 0.5404 0.0000
1.0000 0.0000 0.0000 0.0000 0.0000
0.4100 0.1399 0.2387 0.0963 0.1151
1.0000 0.0000 0.0000 0.0000 0.0000
0.3290 0.1759 0.2366 0.2585 0.0000
0.1380 0.3353 0.1240 0.4028 0.0000
0.1737 0.3917 0.0999 0.3347 0.0000
0.2972 0.1063 0.3748 0.2217 0.0000
0.1720 0.2659 0.1163 0.4457 0.0000
0.4567 0.5433 0.0000 0.0000 0.0000
1.0000 0.0000 0.0000 0.0000 0.0000
0.4286 0.5714 0.0000 0.0000 0.0000
0.9064 0.0936 0.0000 0.0000 0.0000
1.0000 0.0000 0.0000 0.0000 0.0000
0.1629 0.5075 0.0000 0.3296 0.0000
0.3918 0.0858 0.2769 0.2455 0.0000
0.0795 0.0621 0.0780 0.1788 0.6015
0.6357 0.3643 0.0000 0.0000 0.0000
0.7734 0.2266 0.0000 0.0000 0.0000
0.3271 0.6729 0.0000 0.0000 0.0000
0.3439 0.0728 0.0734 0.2632 0.2466
0.5991 0.0728 0.0997 0.2284 0.0000
0.6819 0.3181 0.0000 0.0000 0.0000
0.1191 0.1342 0.1733 0.5734 0.0000
0.2533 0.7467 0.0000 0.0000 0.0000
1.0000 0.0000 0.0000 0.0000 0.0000
0.4335 0.3677 0.0000 0.1988 0.0000
0.2123 0.7877 0.0000 0.0000 0.0000
0.3197 0.1301 0.0765 0.1119 0.3618
1.0000 0.0000 0.0000 0.0000 0.0000
0.1778 0.1250 0.4082 0.2890 0.0000
0.4257 0.5743 0.0000 0.0000 0.0000
0.1299 0.0710 0.2301 0.2003 0.3687
1.0000 0.0000 0.0000 0.0000 0.0000
0.2709 0.2084 0.3716 0.1491 0.0000
0.2874 0.0733 0.0000 0.6393 0.0000
0.2766 0.0911 0.0000 0.6324 0.0000
0.3807 0.6193 0.0000 0.0000 0.0000
0.0745 0.9255 0.0000 0.0000 0.0000
0.1439 0.4284 0.0000 0.4277 0.0000
1.0000 0.0000 0.0000 0.0000 0.0000
0.8960 0.1040 0.0000 0.0000 0.0000
0.3453 0.1458 0.1337 0.3752 0.0000
0.9448 0.0552 0.0000 0.0000 0.0000
0.8774 0.1226 0.0000 0.0000 0.0000
0.1735 0.2637 0.1550 0.0784 0.3295
0.0994 0.1068 0.3157 0.4781 0.0000
0.1555 0.3875 0.1104 0.1894 0.1571
0.2506 0.1565 0.1147 0.3738 0.1044
1.0000 0.0000 0.0000 0.0000 0.0000
1.0000 0.0000 0.0000 0.0000 0.0000
0.0736 0.9264 0.0000 0.0000 0.0000
0.0919 0.1375 0.2720 0.2884 0.2102
0.2962 0.4165 0.0000 0.2874 0.0000
1.0000 0.0000 0.0000 0.0000 0.0000
1.0000 0.0000 0.0000 0.0000 0.0000
1.0000 0.0000 0.0000 0.0000 0.0000
1.0000 0.0000 0.0000 0.0000 0.0000
1.0000 0.0000 0.0000 0.0000 0.0000
0.2321 0.1779 0.1693 0.1654 0.2552
0.8313 0.1687 0.0000 0.0000 0.0000
1.0000 0.0000 0.0000 0.0000 0.0000
0.1792 0.0812 0.1056 0.1522 0.4819
0.3309 0.2885 0.0000 0.3806 0.0000
0.2513 0.3737 0.0000 0.3750 0.0000
0.3506 0.1006 0.3175 0.1710 0.0603
1.0000 0.0000 0.0000 0.0000 0.0000
0.3038 0.6962 0.0000 0.0000 0.0000
0.6148 0.3852 0.0000 0.0000 0.0000
0.2379 0.2872 0.0833 0.1904 0.2012
0.1337 0.1033 0.1658 0.4571 0.1401
1.0000 0.0000 0.0000 0.0000 0.0000
0.1124 0.1574 0.6365 0.0937 0.0000
0.7240 0.2760 0.0000 0.0000 0.0000
0.4742 0.1217 0.0894 0.3147 0.0000
0.1314 0.4874 0.2448 0.0625 0.0739
0.1117 0.2518 0.5701 0.0664 0.0000
0.0620 0.2405 0.5416 0.1559 0.0000
0.0772 0.0976 0.2452 0.5800 0.0000
0.1694 0.3131 0.2638 0.1218 0.1318
0.1738 0.0692 0.0000 0.7570 0.0000
0.0985 0.5202 0.0000 0.3814 0.0000
0.1952 0.0531 0.6417 0.1100 0.0000
0.1753 0.0510 0.2715 0.4469 0.0552
0.1708 0.0825 0.0000 0.7467 0.0000
0.3965 0.2784 0.2549 0.0702 0.0000
0.0867 0.6469 0.1720 0.0944 0.0000
0.0804 0.2119 0.0000 0.7077 0.0000
0.1466 0.5632 0.0000 0.2902 0.0000
1.0000 0.0000 0.0000 0.0000 0.0000
0.1474 0.5575 0.0000 0.2951 0.0000
0.2801 0.1804 0.1774 0.3620 0.0000
1.0000 0.0000 0.0000 0.0000 0.0000
0.5246 0.1591 0.0885 0.2278 0.0000
0.3658 0.5841 0.0000 0.0500 0.0000
0.4647 0.5353 0.0000 0.0000 0.0000
0.1387 0.4650 0.2797 0.1166 0.0000
0.6310 0.3690 0.0000 0.0000 0.0000
0.1098 0.4735 0.0533 0.2214 0.1420
0.1673 0.8327 0.0000 0.0000 0.0000
0.1134 0.2105 0.3064 0.2220 0.1477
0.7798 0.0808 0.0000 0.1395 0.0000
1.0000 0.0000 0.0000 0.0000 0.0000
1.0000 0.0000 0.0000 0.0000 0.0000
0.6868 0.0935 0.0849 0.1348 0.0000
0.4430 0.5570 0.0000 0.0000 0.0000
0.1275 0.0683 0.1713 0.3317 0.3011
0.1433 0.8567 0.0000 0.0000 0.0000
0.1796 0.2646 0.1291 0.3388 0.0879
1.0000 0.0000 0.0000 0.0000 0.0000
1.0000 0.0000 0.0000 0.0000 0.0000
0.1073 0.2751 0.3157 0.3019 0.0000
0.4464 0.2690 0.0000 0.2846 0.0000
0.1082 0.5088 0.1204 0.1416 0.1210
0.3009 0.5820 0.0000 0.1170 0.0000
0.8579 0.1421 0.0000 0.0000 0.0000
0.1537 0.1541 0.0000 0.6922 0.0000
0.1993 0.3996 0.0000 0.4011 0.0000
1.0000 0.0000 0.0000 0.0000 0.0000
0.0804 0.9196 0.0000 0.0000 0.0000
0.3155 0.3087 0.2917 0.0841 0.0000
0.0764 0.1099 0.0000 0.8136 0.0000
1.0000 0.0000 0.0000 0.0000 0.0000
0.5405 0.4595 0.0000 0.0000 0.0000
1.0000 0.0000 0.0000 0.0000 0.0000
0.0505 0.1616 0.1625 0.1784 0.4470
0.4277 0.1144 0.0000 0.4579 0.0000
0.8383 0.1617 0.0000 0.0000 0.0000
0.4678 0.5322 0.0000 0.0000 0.0000
0.1308 0.5844 0.0000 0.2848 0.0000
0.1339 0.2184 0.2925 0.1291 0.2261
1.0000 0.0000 0.0000 0.0000 0.0000
0.1601 0.6805 0.0000 0.1595 0.0000
0.7227 0.2773 0.0000 0.0000 0.0000
1.0000 0.0000 0.0000 0.0000 0.0000
0.4344 0.0884 0.0990 0.1778 0.2004
0.1130 0.4333 0.0834 0.0544 0.3158
0.5243 0.1668 0.0000 0.3089 0.0000
1.0000 0.0000 0.0000 0.0000 0.0000
1.0000 0.0000 0.0000 0.0000 0.0000
0.0748 0.4710 0.1067 0.3475 0.0000
0.2695 0.7305 0.0000 0.0000 0.0000
0.3897 0.6103 0.0000 0.0000 0.0000
1.0000 0.0000 0.0000 0.0000 0.0000
1.0000 0.0000 0.0000 0.0000 0.0000
0.1408 0.8592 0.0000 0.0000 0.0000
0.3369 0.2049 0.0000 0.4581 0.0000
0.3355 0.6645 0.0000 0.0000 0.0000
0.5824 0.3589 0.0000 0.0587 0.0000
0.5577 0.1935 0.0939 0.1549 0.0000
0.1668 0.1813 0.2657 0.1056 0.2806
0.2308 0.2308 0.1162 0.4222 0.0000
0.1114 0.3109 0.2272 0.2387 0.1119
0.1173 0.5851 0.1099 0.1117 0.0761
0.1080 0.5703 0.1028 0.0569 0.1620
1.0000 0.0000 0.0000 0.0000 0.0000
0.0715 0.1293 0.0830 0.0951 0.6212
0.5724 0.1656 0.0000 0.2620 0.0000
1.0000 0.0000 0.0000 0.0000 0.0000
0.1079 0.1988 0.3105 0.3828 0.0000
0.1081 0.0985 0.3252 0.4682 0.0000
0.4447 0.5553 0.0000 0.0000 0.0000
0.1145 0.0770 0.0869 0.5327 0.1890
0.2004 0.0919 0.0844 0.1884 0.4349
0.7635 0.2365 0.0000 0.0000 0.0000
1.0000 0.0000 0.0000 0.0000 0.0000
0.4736 0.5264 0.0000 0.0000 0.0000
0.3031 0.0672 0.4542 0.1755 0.0000
0.5016 0.3691 0.0000 0.1293 0.0000
0.1485 0.3268 0.0901 0.0813 0.3533
0.2117 0.4108 0.0854 0.2920 0.0000
1.0000 0.0000 0.0000 0.0000 0.0000
0.1017 0.6542 0.0000 0.2441 0.0000
0.6375 0.0912 0.0000 0.2713 0.0000
0.0787 0.3149 0.0000 0.6064 0.0000
0.0543 0.3163 0.4022 0.2272 0.0000
0.0754 0.9246 0.0000 0.0000 0.0000
0.1052 0.3216 0.0000 0.5732 0.0000
0.4839 0.5161 0.0000 0.0000 0.0000
1.0000 0.0000 0.0000 0.0000 0.0000
0.1592 0.5448 0.0000 0.2959 0.0000
0.3002 0.3438 0.2726 0.0834 0.0000
0.0938 0.6573 0.0000 0.2489 0.0000
1.0000 0.0000 0.0000 0.0000 0.0000
0.2483 0.1244 0.2111 0.4162 0.0000
0.2894 0.3070 0.0000 0.4036 0.0000
0.2214 0.3255 0.3732 0.0798 0.0000
0.0600 0.4733 0.0000 0.4667 0.0000
0.3992 0.1130 0.3600 0.1279 0.0000
0.1442 0.4787 0.1194 0.2053 0.0524
0.3333 0.2544 0.0000 0.4124 0.0000
0.4262 0.5738 0.0000 0.0000 0.0000
0.6286 0.3714 0.0000 0.0000 0.0000
0.0716 0.4509 0.0000 0.4775 0.0000
0.1529 0.2177 0.3285 0.0823 0.2186
0.2487 0.7513 0.0000 0.0000 0.0000
0.1291 0.3086 0.0000 0.5623 0.0000
1.0000 0.0000 0.0000 0.0000 0.0000
1.0000 0.0000 0.0000 0.0000 0.0000
1.0000 0.0000 0.0000 0.0000 0.0000
0.2271 0.2342 0.4043 0.1344 0.0000
0.0882 0.9118 0.0000 0.0000 0.0000
0.4743 0.3810 0.0000 0.1447 0.0000
0.4566 0.5434 0.0000 0.0000 0.0000
0.3023 0.6977 0.0000 0.0000 0.0000
0.2507 0.0854 0.2059 0.3144 0.1437
0.1122 0.2383 0.2189 0.4305 0.0000
0.4106 0.1342 0.1473 0.1813 0.1267
1.0000 0.0000 0.0000 0.0000 0.0000
0.8582 0.1418 0.0000 0.0000 0.0000
0.1875 0.1910 0.3622 0.1629 0.0964
1.0000 0.0000 0.0000 0.0000 0.0000
0.2086 0.5484 0.1062 0.1369 0.0000
0.1108 0.2969 0.0000 0.5923 0.0000
0.8799 0.1201 0.0000 0.0000 0.0000
0.1570 0.2780 0.1278 0.0828 0.3544
0.2050 0.7950 0.0000 0.0000 0.0000
1.0000 0.0000 0.0000 0.0000 0.0000
0.1317 0.2414 0.5628 0.0641 0.0000
0.0995 0.1747 0.3063 0.0746 0.3449
0.0603 0.2437 0.1061 0.1074 0.4824
0.1236 0.8764 0.0000 0.0000 0.0000
0.1231 0.7916 0.0000 0.0852 0.0000
0.1283 0.3323 0.2798 0.2596 0.0000
1.0000 0.0000 0.0000 0.0000 0.0000
0.1958 0.3227 0.0000 0.4814 0.0000
0.8246 0.1754 0.0000 0.0000 0.0000
0.0898 0.3830 0.2884 0.2389 0.0000
0.1789 0.7194 0.0000 0.1017 0.0000
0.2826 0.7174 0.0000 0.0000 0.0000
0.3682 0.6318 0.0000 0.0000 0.0000
1.0000 0.0000 0.0000 0.0000 0.0000
0.1802 0.2256 0.2572 0.3370 0.0000
1.0000 0.0000 0.0000 0.0000 0.0000
1.0000 0.0000 0.0000 0.0000 0.0000
1.0000 0.0000 0.0000 0.0000 0.0000
0.5468 0.4532 0.0000 0.0000 0.0000
0.2270 0.7730 0.0000 0.0000 0.0000
0.2892 0.1902 0.0595 0.0882 0.3729
1.0000 0.0000 0.0000 0.0000 0.0000
1.0000 0.0000 0.0000 0.0000 0.0000
0.7828 0.2172 0.0000 0.0000 0.0000
0.4194 0.5806 0.0000 0.0000 0.0000
0.1598 0.4228 0.0806 0.0988 0.2381
0.3113 0.4658 0.1442 0.0788 0.0000
0.3874 0.0741 0.0956 0.3413 0.1017
0.3336 0.0689 0.1598 0.4376 0.0000
0.3215 0.4421 0.0000 0.2364 0.0000
0.1158 0.0926 0.0627 0.6109 0.1180
0.5684 0.1483 0.1468 0.1364 0.0000
1.0000 0.0000 0.0000 0.0000 0.0000
0.0898 0.1366 0.2410 0.2120 0.3207
0.4292 0.3081 0.1581 0.1046 0.0000
0.4149 0.4230 0.1119 0.0502 0.0000
0.4127 0.1878 0.1682 0.1746 0.0567
0.5129 0.4871 0.0000 0.0000 0.0000
0.1236 0.3322 0.1761 0.0829 0.2852
1.0000 0.0000 0.0000 0.0000 0.0000
1.0000 0.0000 0.0000 0.0000 0.0000
0.8894 0.1106 0.0000 0.0000 0.0000
0.5816 0.0598 0.2670 0.0916 0.0000
0.1476 0.8524 0.0000 0.0000 0.0000
0.0905 0.2284 0.6251 0.0560 0.0000
0.3776 0.2860 0.2047 0.1317 0.0000
0.4511 0.2548 0.1140 0.1802 0.0000
0.1305 0.3916 0.2297 0.1226 0.1256
0.4358 0.5642 0.0000 0.0000 0.0000
0.4260 0.5740 0.0000 0.0000 0.0000
1.0000 0.0000 0.0000 0.0000 0.0000
1.0000 0.0000 0.0000 0.0000 0.0000
0.0536 0.0673 0.6817 0.1975 0.0000
1.0000 0.0000 0.0000 0.0000 0.0000
0.3927 0.1693 0.0804 0.3577 0.0000
0.0576 0.0697 0.5134 0.3593 0.0000
0.8598 0.1402 0.0000 0.0000 0.0000
0.1502 0.1729 0.2067 0.2656 0.2045
1.0000 0.0000 0.0000 0.0000 0.0000
0.0946 0.1833 0.3715 0.3507 0.0000
0.1729 0.0501 0.6094 0.1676 0.0000
0.4026 0.2648 0.1449 0.0504 0.1372
0.1234 0.0502 0.0700 0.7564 0.0000
0.2862 0.0909 0.2256 0.2866 0.1107
0.0974 0.9026 0.0000 0.0000 0.0000
0.3169 0.1419 0.2466 0.2031 0.0916
0.0691 0.1736 0.5930 0.0543 0.1101
0.0898 0.3050 0.1845 0.4208 0.0000
0.0774 0.5821 0.0991 0.1562 0.0851
0.1771 0.2120 0.0000 0.6109 0.0000
0.2688 0.4482 0.0000 0.2830 0.0000
0.6386 0.3614 0.0000 0.0000 0.0000
0.0671 0.1238 0.4726 0.0750 0.2615
0.4413 0.4276 0.0000 0.1310 0.0000
0.2250 0.7750 0.0000 0.0000 0.0000
0.0813 0.2569 0.0000 0.6618 0.0000
0.1582 0.0767 0.4497 0.1094 0.2061
0.2070 0.2585 0.1782 0.3564 0.0000
0.2393 0.7607 0.0000 0.0000 0.0000
0.4909 0.0631 0.2559 0.1901 0.0000
0.3173 0.6827 0.0000 0.0000 0.0000
0.4570 0.5430 0.0000 0.0000 0.0000
1.0000 0.0000 0.0000 0.0000 0.0000
0.4677 0.2769 0.0994 0.1560 0.0000
0.7812 0.1489 0.0000 0.0699 0.0000
0.3089 0.2266 0.1728 0.1367 0.1551
1.0000 0.0000 0.0000 0.0000 0.0000
1.0000 0.0000 0.0000 0.0000 0.0000
0.6995 0.3005 0.0000 0.0000 0.0000
0.0643 0.2383 0.0797 0.2377 0.3799
1.0000 0.0000 0.0000 0.0000 0.0000
1.0000 0.0000 0.0000 0.0000 0.0000
1.0000 0.0000 0.0000 0.0000 0.0000
0.0704 0.1228 0.1276 0.6791 0.0000
0.0553 0.2382 0.1390 0.0690 0.4985
0.4966 0.3785 0.0000 0.1249 0.0000
0.3889 0.4339 0.0000 0.1772 0.0000
0.9487 0.0513 0.0000 0.0000 0.0000
0.0590 0.0536 0.1585 0.2115 0.5174
1.0000 0.0000 0.0000 0.0000 0.0000
1.0000 0.0000 0.0000 0.0000 0.0000
1.0000 0.0000 0.0000 0.0000 0.0000
0.9357 0.0643 0.0000 0.0000 0.0000
0.2745 0.5564 0.0672 0.1019 0.0000
0.5281 0.3598 0.0000 0.1121 0.0000
0.0565 0.9435 0.0000 0.0000 0.0000
1.0000 0.0000 0.0000 0.0000 0.0000
0.1968 0.2165 0.3340 0.2527 0.0000
0.0721 0.4630 0.0000 0.4649 0.0000
0.1070 0.4795 0.1051 0.1754 0.1330
0.6737 0.3263 0.0000 0.0000 0.0000
0.4421 0.3380 0.0000 0.2198 0.0000
0.3803 0.0886 0.1103 0.4208 0.0000
0.7140 0.2860 0.0000 0.0000 0.0000
0.6285 0.3715 0.0000 0.0000 0.0000
0.6226 0.3237 0.0000 0.0537 0.0000
0.2178 0.1499 0.0000 0.6324 0.0000
0.0920 0.2426 0.0732 0.1168 0.4754
0.0960 0.1965 0.3429 0.1150 0.2495
0.0799 0.5702 0.0000 0.3499 0.0000
0.0926 0.1443 0.5995 0.1636 0.0000
0.0682 0.6253 0.1551 0.1514 0.0000
0.3310 0.1207 0.0613 0.2547 0.2323
0.1704 0.0897 0.1442 0.1555 0.4402
0.6413 0.3587 0.0000 0.0000 0.0000
0.0667 0.9333 0.0000 0.0000 0.0000
1.0000 0.0000 0.0000 0.0000 0.0000
0.4459 0.5541 0.0000 0.0000 0.0000
0.6488 0.3512 0.0000 0.0000 0.0000
0.6358 0.3642 0.0000 0.0000 0.0000
0.2689 0.3477 0.2707 0.1127 0.0000
1.0000 0.0000 0.0000 0.0000 0.0000
0.0955 0.2317 0.4160 0.1697 0.0872
0.0756 0.9244 0.0000 0.0000 0.0000
0.0656 0.4007 0.3097 0.2240 0.0000
0.4033 0.1261 0.2768 0.0683 0.1255
0.3484 0.1537 0.2034 0.1968 0.0976
0.5500 0.1991 0.1177 0.0696 0.0636
0.6760 0.3240 0.0000 0.0000 0.0000
0.3592 0.0867 0.2028 0.2455 0.1059
0.4299 0.2172 0.0560 0.2970 0.0000
1.0000 0.0000 0.0000 0.0000 0.0000
0.0514 0.3579 0.0768 0.5140 0.0000
1.0000 0.0000 0.0000 0.0000 0.0000
0.4448 0.2355 0.0860 0.2337 0.0000
0.4807 0.0641 0.3518 0.1034 0.0000
0.0881 0.8070 0.0543 0.0507 0.0000
0.6760 0.1618 0.0000 0.1622 0.0000
0.2033 0.0802 0.4491 0.1708 0.0967
1.0000 0.0000 0.0000 0.0000 0.0000
0.0914 0.4485 0.0698 0.0682 0.3220
1.0000 0.0000 0.0000 0.0000 0.0000
0.9220 0.0780 0.0000 0.0000 0.0000
0.0562 0.2164 0.1066 0.1704 0.4504
0.1693 0.4361 0.2349 0.0795 0.0802
0.3869 0.3104 0.0000 0.3027 0.0000
0.0518 0.9482 0.0000 0.0000 0.0000
0.2889 0.5181 0.0569 0.1362 0.0000
0.2667 0.7333 0.0000 0.0000 0.0000
0.1131 0.1655 0.0000 0.7213 0.0000
0.1443 0.3879 0.0562 0.3420 0.0697
0.5147 0.4853 0.0000 0.0000 0.0000
0.3403 0.2232 0.0867 0.2712 0.0787
0.3078 0.0838 0.3297 0.0839 0.1948
0.4595 0.5405 0.0000 0.0000 0.0000
0.1801 0.1890 0.1242 0.4476 0.0592
0.1142 0.1418 0.2299 0.1502 0.3640
0.1577 0.8423 0.0000 0.0000 0.0000
0.3217 0.2348 0.1047 0.0917 0.2471
0.5779 0.4221 0.0000 0.0000 0.0000
0.4685 0.1993 0.0000 0.3322 0.0000
1.0000 0.0000 0.0000 0.0000 0.0000
0.3356 0.0656 0.3735 0.2252 0.0000
0.3304 0.2202 0.0000 0.4493 0.0000
0.5261 0.0906 0.0000 0.3833 0.0000
