1.0000 0.0000 0.0000 0.0000 0.0000
1.0000 0.0000 0.0000 0.0000 0.0000
0.5088 0.3818 0.0000 0.0000 0.1093
0.5606 0.1549 0.0000 0.0000 0.2845
0.2948 0.2606 0.0000 0.0000 0.4446
0.1936 0.7470 0.0000 0.0000 0.0595
0.3913 0.5024 0.0000 0.1063 0.0000
0.6654 0.3346 0.0000 0.0000 0.0000
0.9273 0.0727 0.0000 0.0000 0.0000
0.3540 0.6460 0.0000 0.0000 0.0000
0.1716 0.6673 0.0000 0.1611 0.0000
0.7491 0.0000 0.2509 0.0000 0.0000
1.0000 0.0000 0.0000 0.0000 0.0000
0.4394 0.5606 0.0000 0.0000 0.0000
0.1391 0.6791 0.0000 0.0000 0.1818
0.0943 0.4257 0.0000 0.0000 0.4800
0.4695 0.3549 0.0000 0.0000 0.1756
0.4491 0.1380 0.0000 0.0000 0.4129
0.7877 0.2123 0.0000 0.0000 0.0000
1.0000 0.0000 0.0000 0.0000 0.0000
1.0000 0.0000 0.0000 0.0000 0.0000
0.9049 0.0951 0.0000 0.0000 0.0000
0.8404 0.1596 0.0000 0.0000 0.0000
0.6138 0.1118 0.0000 0.0000 0.2744
1.0000 0.0000 0.0000 0.0000 0.0000
0.2217 0.0000 0.7783 0.0000 0.0000
0.0670 0.0000 0.9330 0.0000 0.0000
0.0920 0.2170 0.0000 0.6910 0.0000
0.2355 0.2285 0.0000 0.5360 0.0000
0.3224 0.3260 0.0000 0.3516 0.0000
1.0000 0.0000 0.0000 0.0000 0.0000
0.3907 0.0000 0.6093 0.0000 0.0000
0.8345 0.0000 0.1655 0.0000 0.0000
1.0000 0.0000 0.0000 0.0000 0.0000
1.0000 0.0000 0.0000 0.0000 0.0000
0.6623 0.2718 0.0000 0.0000 0.0659
0.6738 0.2296 0.0000 0.0000 0.0965
0.5733 0.1373 0.0000 0.0000 0.2894
1.0000 0.0000 0.0000 0.0000 0.0000
0.4447 0.4906 0.0000 0.0648 0.0000
0.5065 0.0000 0.4935 0.0000 0.0000
1.0000 0.0000 0.0000 0.0000 0.0000
1.0000 0.0000 0.0000 0.0000 0.0000
0.8460 0.0000 0.1540 0.0000 0.0000
1.0000 0.0000 0.0000 0.0000 0.0000
0.1521 0.8479 0.0000 0.0000 0.0000
0.5119 0.0000 0.4881 0.0000 0.0000
1.0000 0.0000 0.0000 0.0000 0.0000
0.8703 0.1297 0.0000 0.0000 0.0000
0.5262 0.0000 0.4738 0.0000 0.0000
0.4556 0.0000 0.5444 0.0000 0.0000
1.0000 0.0000 0.0000 0.0000 0.0000
0.2727 0.0000 0.7273 0.0000 0.0000
0.2466 0.7534 0.0000 0.0000 0.0000
0.7570 0.0000 0.2430 0.0000 0.0000
0.6398 0.0000 0.3602 0.0000 0.0000
0.7149 0.0000 0.2851 0.0000 0.0000
0.9200 0.0000 0.0800 0.0000 0.0000
0.0554 0.0000 0.9446 0.0000 0.0000
1.0000 0.0000 0.0000 0.0000 0.0000
0.0702 0.7501 0.0000 0.0000 0.1797
0.3871 0.0000 0.6129 0.0000 0.0000
1.0000 0.0000 0.0000 0.0000 0.0000
1.0000 0.0000 0.0000 0.0000 0.0000
0.2830 0.0000 0.7170 0.0000 0.0000
0.8907 0.1093 0.0000 0.0000 0.0000
0.4346 0.3194 0.0000 0.0000 0.2460
1.0000 0.0000 0.0000 0.0000 0.0000
0.7381 0.1035 0.0000 0.1584 0.0000
0.3583 0.6417 0.0000 0.0000 0.0000
0.9097 0.0903 0.0000 0.0000 0.0000
0.4412 0.4725 0.0000 0.0864 0.0000
1.0000 0.0000 0.0000 0.0000 0.0000
0.2329 0.1871 0.0000 0.0000 0.5800
0.6678 0.0000 0.3322 0.0000 0.0000
0.1832 0.1178 0.0000 0.6989 0.0000
0.4747 0.5253 0.0000 0.0000 0.0000
0.3195 0.4001 0.0000 0.2804 0.0000
0.1398 0.5971 0.0000 0.2631 0.0000
1.0000 0.0000 0.0000 0.0000 0.0000
1.0000 0.0000 0.0000 0.0000 0.0000
1.0000 0.0000 0.0000 0.0000 0.0000
1.0000 0.0000 0.0000 0.0000 0.0000
0.4428 0.2111 0.0000 0.0000 0.3461
0.7162 0.0000 0.2838 0.0000 0.0000
0.2816 0.6560 0.0000 0.0000 0.0623
1.0000 0.0000 0.0000 0.0000 0.0000
0.7450 0.2550 0.0000 0.0000 0.0000
0.3810 0.1936 0.0000 0.0000 0.4253
0.3148 0.6852 0.0000 0.0000 0.0000
1.0000 0.0000 0.0000 0.0000 0.0000
0.4663 0.0000 0.5337 0.0000 0.0000
1.0000 0.0000 0.0000 0.0000 0.0000
0.2201 0.7799 0.0000 0.0000 0.0000
0.0600 0.0000 0.9400 0.0000 0.0000
0.6550 0.0000 0.3450 0.0000 0.0000
0.5287 0.0885 0.0000 0.3828 0.0000
0.9479 0.0521 0.0000 0.0000 0.0000
0.1125 0.1104 0.0000 0.7771 0.0000
0.6249 0.0000 0.3751 0.0000 0.0000
