1.0000 0.0000 0.0000 0.0000 0.0000
0.2971 0.1480 0.0974 0.4575 0.0000
0.0995 0.3843 0.1154 0.2274 0.1733
0.2234 0.0762 0.3529 0.1553 0.1922
0.8363 0.1637 0.0000 0.0000 0.0000
1.0000 0.0000 0.0000 0.0000 0.0000
0.2942 0.1093 0.3016 0.2949 0.0000
0.0915 0.0756 0.4384 0.1861 0.2084
0.2044 0.1934 0.3344 0.2048 0.0630
0.2679 0.2406 0.1717 0.3198 0.0000
0.3407 0.1661 0.1522 0.2860 0.0549
0.1007 0.8993 0.0000 0.0000 0.0000
0.1996 0.8004 0.0000 0.0000 0.0000
0.9145 0.0855 0.0000 0.0000 0.0000
1.0000 0.0000 0.0000 0.0000 0.0000
0.6636 0.3364 0.0000 0.0000 0.0000
0.3650 0.6350 0.0000 0.0000 0.0000
0.1010 0.2298 0.1381 0.5311 0.0000
0.2745 0.2050 0.3531 0.0749 0.0924
0.3432 0.0844 0.0845 0.3159 0.1721
1.0000 0.0000 0.0000 0.0000 0.0000
0.3478 0.1354 0.0662 0.4506 0.0000
0.4099 0.2859 0.3042 0.0000 0.0000
0.2104 0.4109 0.1827 0.1960 0.0000
0.3782 0.2625 0.3593 0.0000 0.0000
0.2244 0.1247 0.6508 0.0000 0.0000
0.8448 0.0767 0.0786 0.0000 0.0000
0.2502 0.1838 0.0653 0.4392 0.0616
0.2006 0.2470 0.3396 0.0978 0.1149
0.2136 0.7864 0.0000 0.0000 0.0000
0.2515 0.7485 0.0000 0.0000 0.0000
0.4194 0.0994 0.4811 0.0000 0.0000
0.1153 0.2493 0.2674 0.2580 0.1099
0.1509 0.1528 0.2149 0.2905 0.1909
0.2002 0.2983 0.5015 0.0000 0.0000
0.6275 0.1808 0.1917 0.0000 0.0000
0.0638 0.1106 0.4649 0.2772 0.0835
0.0614 0.9386 0.0000 0.0000 0.0000
1.0000 0.0000 0.0000 0.0000 0.0000
1.0000 0.0000 0.0000 0.0000 0.0000
0.3169 0.6831 0.0000 0.0000 0.0000
0.2287 0.2385 0.3019 0.2309 0.0000
0.3591 0.2721 0.1601 0.2086 0.0000
0.1583 0.0722 0.4978 0.2718 0.0000
0.2684 0.0883 0.6432 0.0000 0.0000
1.0000 0.0000 0.0000 0.0000 0.0000
1.0000 0.0000 0.0000 0.0000 0.0000
0.5103 0.4897 0.0000 0.0000 0.0000
0.8006 0.1994 0.0000 0.0000 0.0000
0.2691 0.7309 0.0000 0.0000 0.0000
