0.8423 0.0000 0.0000 0.0000 0.0000 0.0000 0.1577 0.0000 0.0000 0.0000
0.9432 0.0568 0.0000 0.0000 0.0000 0.0000 0.0000 0.0000 0.0000 0.0000
0.2934 0.0000 0.0000 0.1614 0.3283 0.0000 0.0000 0.0000 0.0000 0.2169
0.3176 0.0662 0.2606 0.0000 0.0000 0.0000 0.0000 0.0000 0.3557 0.0000
1.0000 0.0000 0.0000 0.0000 0.0000 0.0000 0.0000 0.0000 0.0000 0.0000
0.1197 0.8803 0.0000 0.0000 0.0000 0.0000 0.0000 0.0000 0.0000 0.0000
0.0950 0.0000 0.0000 0.2505 0.3108 0.1701 0.0000 0.0723 0.0000 0.1014
0.3673 0.0000 0.0000 0.0746 0.1193 0.1886 0.0000 0.1619 0.0000 0.0882
0.3495 0.3198 0.1988 0.0000 0.0000 0.0000 0.0000 0.0000 0.1319 0.0000
0.1398 0.6447 0.0799 0.0000 0.0000 0.0000 0.0000 0.0000 0.1357 0.0000
0.8649 0.0000 0.0000 0.1351 0.0000 0.0000 0.0000 0.0000 0.0000 0.0000
0.6465 0.1734 0.0897 0.0000 0.0000 0.0000 0.0000 0.0000 0.0903 0.0000
0.5528 0.0000 0.0000 0.4472 0.0000 0.0000 0.0000 0.0000 0.0000 0.0000
0.0812 0.0000 0.0000 0.2548 0.2637 0.1273 0.0000 0.1275 0.0000 0.1455
0.4282 0.1512 0.4206 0.0000 0.0000 0.0000 0.0000 0.0000 0.0000 0.0000
0.0744 0.0000 0.0000 0.1669 0.6937 0.0000 0.0000 0.0000 0.0000 0.0650
0.2074 0.0000 0.0000 0.0830 0.2175 0.3202 0.0000 0.1006 0.0000 0.0713
0.3762 0.0000 0.0000 0.1080 0.5158 0.0000 0.0000 0.0000 0.0000 0.0000
0.5598 0.0000 0.0000 0.2094 0.2308 0.0000 0.0000 0.0000 0.0000 0.0000
0.7798 0.0000 0.0000 0.2202 0.0000 0.0000 0.0000 0.0000 0.0000 0.0000
0.1164 0.0000 0.0000 0.0000 0.0000 0.0000 0.8836 0.0000 0.0000 0.0000
0.1853 0.5949 0.2198 0.0000 0.0000 0.0000 0.0000 0.0000 0.0000 0.0000
0.1587 0.0000 0.0000 0.1071 0.0899 0.2880 0.0000 0.0000 0.0000 0.3563
0.4378 0.5622 0.0000 0.0000 0.0000 0.0000 0.0000 0.0000 0.0000 0.0000
0.3709 0.0000 0.0000 0.2221 0.1965 0.0897 0.0000 0.0000 0.0000 0.1208
0.0760 0.2720 0.4980 0.0000 0.0000 0.0000 0.0000 0.0000 0.1541 0.0000
0.4443 0.0000 0.0000 0.3704 0.1853 0.0000 0.0000 0.0000 0.0000 0.0000
0.0937 0.0000 0.0000 0.7551 0.1512 0.0000 0.0000 0.0000 0.0000 0.0000
0.1689 0.0000 0.0000 0.4802 0.0661 0.1499 0.0000 0.0000 0.0000 0.1350
0.8552 0.0000 0.0000 0.1448 0.0000 0.0000 0.0000 0.0000 0.0000 0.0000
0.2853 0.0000 0.0000 0.0000 0.0000 0.0000 0.7147 0.0000 0.0000 0.0000
0.4141 0.5859 0.0000 0.0000 0.0000 0.0000 0.0000 0.0000 0.0000 0.0000
0.2536 0.0000 0.0000 0.2007 0.0655 0.1942 0.0000 0.0000 0.0000 0.2860
0.1452 0.0000 0.0000 0.3770 0.1098 0.2372 0.0000 0.0000 0.0000 0.1308
0.2652 0.0000 0.0000 0.0559 0.3296 0.2300 0.0000 0.0000 0.0000 0.1193
0.1830 0.0000 0.0000 0.7333 0.0837 0.0000 0.0000 0.0000 0.0000 0.0000
1.0000 0.0000 0.0000 0.0000 0.0000 0.0000 0.0000 0.0000 0.0000 0.0000
0.2480 0.0000 0.0000 0.7520 0.0000 0.0000 0.0000 0.0000 0.0000 0.0000
0.8943 0.0000 0.0000 0.1057 0.0000 0.0000 0.0000 0.0000 0.0000 0.0000
0.3325 0.0000 0.0000 0.4786 0.1889 0.0000 0.0000 0.0000 0.0000 0.0000
0.2354 0.7646 0.0000 0.0000 0.0000 0.0000 0.0000 0.0000 0.0000 0.0000
0.9211 0.0789 0.0000 0.0000 0.0000 0.0000 0.0000 0.0000 0.0000 0.0000
0.2757 0.0000 0.0000 0.0000 0.0000 0.0000 0.7243 0.0000 0.0000 0.0000
1.0000 0.0000 0.0000 0.0000 0.0000 0.0000 0.0000 0.0000 0.0000 0.0000
0.3333 0.5219 0.1448 0.0000 0.0000 0.0000 0.0000 0.0000 0.0000 0.0000
1.0000 0.0000 0.0000 0.0000 0.0000 0.0000 0.0000 0.0000 0.0000 0.0000
0.0948 0.0000 0.0000 0.1804 0.1753 0.0729 0.0000 0.1030 0.0000 0.3736
0.1369 0.0000 0.0000 0.8631 0.0000 0.0000 0.0000 0.0000 0.0000 0.0000
1.0000 0.0000 0.0000 0.0000 0.0000 0.0000 0.0000 0.0000 0.0000 0.0000
0.3184 0.0000 0.0000 0.0665 0.1620 0.1468 0.0000 0.1529 0.0000 0.1535
